generation,individual_index,post_loading_buffer_capacity,post_conveyor_buffer_capacity,post_washing_buffer_capacity,pre_press1_buffer_capacity,pre_press2_buffer_capacity,post_press12_buffer_capacity,wip,throughput
0,0,10,4,5,9,2,3,35.965873015873015,27.551190476190477
0,1,4,3,3,7,5,10,28.043055555555554,27.36904761904762
0,2,4,2,3,2,5,4,22.09484126984127,27.21904761904762
0,3,3,2,10,7,5,7,33.03015873015873,27.49404761904762
0,4,4,2,8,6,5,9,30.978373015873018,27.438095238095237
0,5,1,2,5,6,3,4,23.15496031746032,27.366666666666667
0,6,7,1,4,2,1,6,20.99781746031746,26.873809523809523
0,7,9,5,9,8,4,10,41.03174603174603,27.483333333333334
0,8,2,10,1,3,2,7,24.268849206349206,27.222619047619048
0,9,10,4,2,4,3,1,28.791468253968254,27.329761904761906
0,10,9,1,1,5,9,8,31.181944444444444,27.41071428571429
0,11,2,1,8,7,5,9,29.021626984126986,27.33214285714286
0,12,3,4,8,4,3,4,27.768650793650796,27.242857142857144
0,13,8,2,10,2,9,2,36.768253968253966,27.457142857142856
0,14,10,4,1,2,2,1,24.95,26.96785714285714
0,15,7,7,2,7,5,3,34.1843253968254,27.385714285714286
0,16,9,1,3,7,6,2,32.13968253968254,27.379761904761903
0,17,2,7,10,2,4,7,31.089285714285715,27.316666666666666
0,18,8,9,6,8,5,9,42.013888888888886,27.458333333333332
0,19,6,2,7,8,5,3,33.74583333333334,27.38095238095238
0,20,3,5,9,5,8,3,35.94761904761905,27.40714285714286
0,21,3,9,10,8,10,8,45.83015873015873,27.46785714285714
0,22,5,7,1,2,7,8,28.226388888888888,27.164285714285715
0,23,3,7,3,5,9,1,33.032539682539685,27.34642857142857
0,24,7,3,4,9,2,9,31.13015873015873,27.261904761904763
0,25,6,8,2,10,6,5,38.17202380952381,27.358333333333334
0,26,2,9,6,2,5,3,30.158333333333335,27.154761904761905
0,27,6,2,3,8,1,10,26.100992063492065,26.854761904761904
0,28,9,5,8,5,6,2,38.9313492063492,27.35238095238095
0,29,10,7,3,6,3,8,35.00257936507936,27.267857142857142
0,30,8,5,2,8,2,1,30.920238095238094,27.13809523809524
0,31,7,7,5,6,7,2,37.84920634920635,27.302380952380954
0,32,10,2,5,7,10,1,39.7984126984127,27.358333333333334
0,33,1,8,5,9,2,2,31.05019841269841,27.13809523809524
0,34,9,8,6,7,3,5,39.13829365079365,27.211904761904762
0,35,5,9,10,3,7,10,39.97400793650794,27.313095238095237
0,36,10,10,3,4,10,5,42.90277777777778,27.32857142857143
0,37,5,10,5,8,10,9,44.01011904761905,27.33214285714286
0,38,10,10,2,9,6,5,43.03650793650794,27.288095238095238
0,39,7,7,8,10,10,5,47.94206349206349,27.33214285714286
0,40,5,5,9,6,1,9,32.137301587301586,27.101190476190474
0,41,5,9,8,9,3,4,40.08670634920635,27.232142857142858
0,42,5,8,5,9,10,1,42.67460317460318,27.261904761904763
0,43,9,10,3,1,3,2,32.17301587301587,26.94047619047619
0,44,10,10,5,9,3,3,43.06805555555555,27.245238095238097
0,45,10,8,3,5,1,8,33.046031746031744,26.960714285714285
0,46,7,1,9,1,10,10,33.80277777777778,26.858333333333334
0,47,5,8,9,1,5,10,33.975,26.863095238095237
0,48,9,10,8,8,3,9,43.97698412698413,27.23690476190476
0,49,8,9,7,7,7,2,44.06547619047619,27.19761904761905
1,0,10,4,5,9,2,3,35.965873015873015,27.551190476190477
1,1,4,3,3,7,5,10,28.043055555555554,27.36904761904762
1,2,3,2,10,7,5,7,33.03015873015873,27.49404761904762
1,3,4,2,8,6,5,9,30.978373015873018,27.438095238095237
1,4,1,2,5,6,3,4,23.15496031746032,27.366666666666667
1,5,3,1,1,3,1,7,15.271825396825397,26.677380952380954
1,6,1,1,7,5,3,4,22.96746031746032,27.32857142857143
1,7,3,1,1,4,2,3,17.17579365079365,27.159523809523808
1,8,4,2,3,2,5,6,22.064484126984127,27.257142857142856
1,9,6,1,5,9,3,4,30.019444444444446,27.385714285714286
1,10,4,2,3,2,5,4,22.09484126984127,27.21904761904762
1,11,9,5,9,8,4,10,41.03174603174603,27.483333333333334
1,12,10,4,2,4,3,1,28.791468253968254,27.329761904761906
1,13,9,1,1,5,9,8,31.181944444444444,27.41071428571429
1,14,2,1,8,7,5,9,29.021626984126986,27.33214285714286
1,15,8,2,10,2,9,2,36.768253968253966,27.457142857142856
1,16,6,7,5,7,5,3,35.9406746031746,27.426190476190477
1,17,7,7,1,2,5,3,28.126190476190477,27.298809523809524
1,18,10,4,1,7,2,1,30.04186507936508,27.33809523809524
1,19,2,9,1,3,2,4,23.141468253968252,27.260714285714286
1,20,1,1,1,6,3,3,18.2125,27.159523809523808
1,21,4,7,1,6,7,8,31.115277777777777,27.402380952380952
1,22,3,4,5,4,3,4,25.10079365079365,27.28214285714286
1,23,2,10,1,3,2,7,24.268849206349206,27.222619047619048
1,24,3,4,8,4,3,4,27.768650793650796,27.242857142857144
1,25,2,7,10,2,4,7,31.089285714285715,27.316666666666666
1,26,8,9,6,8,5,9,42.013888888888886,27.458333333333332
1,27,3,5,9,5,8,3,35.94761904761905,27.40714285714286
1,28,3,9,10,8,10,8,45.83015873015873,27.46785714285714
1,29,7,1,4,8,3,6,29.053373015873017,27.258333333333333
1,30,8,1,3,1,3,6,22.288888888888888,27.03214285714286
1,31,8,5,2,2,2,1,25.004563492063493,27.24047619047619
1,32,1,3,4,5,1,8,20.096230158730158,26.87857142857143
1,33,9,2,3,7,5,7,32.04702380952381,27.404761904761905
1,34,7,1,4,2,1,6,20.99781746031746,26.873809523809523
1,35,9,1,3,7,6,2,32.13968253968254,27.379761904761903
1,36,7,3,4,9,2,9,31.13015873015873,27.261904761904763
1,37,2,7,9,7,6,2,36.93988095238095,27.40714285714286
1,38,9,4,1,8,3,10,31.213690476190475,27.294047619047618
1,39,1,1,4,7,1,6,20.17797619047619,26.80952380952381
1,40,9,9,1,5,3,8,33.295833333333334,27.404761904761905
1,41,10,2,2,3,2,1,24.87718253968254,27.186904761904763
1,42,3,6,9,6,3,8,32.88511904761905,27.383333333333333
1,43,10,4,1,2,2,1,24.95,26.96785714285714
1,44,5,9,9,3,7,10,38.91130952380953,27.40357142857143
1,45,3,4,9,5,5,3,32.016666666666666,27.228571428571428
1,46,5,7,1,2,7,8,28.226388888888888,27.164285714285715
1,47,7,1,8,1,5,9,27.95654761904762,27.048809523809524
1,48,3,7,3,5,9,1,33.032539682539685,27.34642857142857
1,49,7,7,2,7,5,3,34.1843253968254,27.385714285714286
2,0,10,4,5,9,2,3,35.965873015873015,27.551190476190477
2,1,4,3,3,7,5,10,28.043055555555554,27.36904761904762
2,2,3,2,10,7,5,7,33.03015873015873,27.49404761904762
2,3,1,2,5,6,3,4,23.15496031746032,27.366666666666667
2,4,3,1,1,3,1,7,15.271825396825397,26.677380952380954
2,5,1,1,7,5,3,4,22.96746031746032,27.32857142857143
2,6,3,1,1,4,2,3,17.17579365079365,27.159523809523808
2,7,4,2,3,2,5,6,22.064484126984127,27.257142857142856
2,8,4,3,8,6,3,4,30.117857142857144,27.448809523809526
2,9,1,1,1,6,3,2,18.163095238095238,27.251190476190477
2,10,3,1,1,2,1,3,14.221825396825396,26.598809523809525
2,11,1,3,1,5,1,8,17.123214285714287,26.83809523809524
2,12,8,2,1,7,5,1,29.084325396825395,27.4
2,13,9,1,1,3,2,4,22.23531746031746,27.275
2,14,3,1,1,3,1,7,15.271825396825397,26.677380952380954
2,15,1,1,4,7,9,6,28.168650793650794,27.375
2,16,4,2,8,6,5,9,30.978373015873018,27.438095238095237
2,17,6,1,5,9,3,4,30.019444444444446,27.385714285714286
2,18,9,5,9,8,4,10,41.03174603174603,27.483333333333334
2,19,10,4,2,4,3,1,28.791468253968254,27.329761904761906
2,20,2,1,8,7,5,9,29.021626984126986,27.33214285714286
2,21,8,2,10,2,9,2,36.768253968253966,27.457142857142856
2,22,1,1,1,6,3,3,18.2125,27.159523809523808
2,23,7,4,2,4,3,1,25.946626984126983,27.321428571428573
2,24,3,1,1,4,2,6,17.260119047619046,27.008333333333333
2,25,3,1,4,4,2,2,19.90753968253968,27.233333333333334
2,26,6,1,4,8,6,6,30.865079365079364,27.395238095238096
2,27,1,2,4,6,4,4,23.023214285714285,27.29642857142857
2,28,4,2,3,2,5,4,22.09484126984127,27.21904761904762
2,29,9,1,1,5,9,8,31.181944444444444,27.41071428571429
2,30,6,7,5,7,5,3,35.9406746031746,27.426190476190477
2,31,10,4,1,7,2,1,30.04186507936508,27.33809523809524
2,32,2,9,1,3,2,4,23.141468253968252,27.260714285714286
2,33,3,4,5,4,3,4,25.10079365079365,27.28214285714286
2,34,8,9,6,8,5,9,42.013888888888886,27.458333333333332
2,35,3,9,10,8,10,8,45.83015873015873,27.46785714285714
2,36,1,3,4,5,1,8,20.096230158730158,26.87857142857143
2,37,10,4,1,2,5,1,28.104761904761904,27.3
2,38,7,1,1,2,1,6,18.159126984126985,26.733333333333334
2,39,2,7,1,3,6,7,25.20793650793651,27.29642857142857
2,40,4,2,3,1,5,6,21.06984126984127,26.897619047619045
2,41,5,4,9,8,7,10,38.96369047619048,27.442857142857143
2,42,1,1,1,6,9,2,24.193253968253966,27.271428571428572
2,43,2,4,5,9,5,3,31.0875,27.402380952380952
2,44,1,1,4,7,1,6,20.17797619047619,26.80952380952381
2,45,9,9,6,8,5,8,43.013888888888886,27.458333333333332
2,46,1,1,8,1,5,9,22.231944444444444,27.132142857142856
2,47,7,1,4,2,1,6,20.99781746031746,26.873809523809523
2,48,3,5,9,5,8,3,35.94761904761905,27.40714285714286
2,49,7,7,1,2,5,3,28.126190476190477,27.298809523809524
3,0,10,4,5,9,2,3,35.965873015873015,27.551190476190477
3,1,4,3,3,7,5,10,28.043055555555554,27.36904761904762
3,2,3,2,10,7,5,7,33.03015873015873,27.49404761904762
3,3,1,2,5,6,3,4,23.15496031746032,27.366666666666667
3,4,3,1,1,3,1,7,15.271825396825397,26.677380952380954
3,5,3,1,1,4,2,3,17.17579365079365,27.159523809523808
3,6,4,3,8,6,3,4,30.117857142857144,27.448809523809526
3,7,3,1,1,2,1,3,14.221825396825396,26.598809523809525
3,8,1,3,1,5,1,8,17.123214285714287,26.83809523809524
3,9,8,2,1,7,5,1,29.084325396825395,27.4
3,10,3,1,1,3,1,7,15.271825396825397,26.677380952380954
3,11,1,1,4,7,9,6,28.168650793650794,27.375
3,12,1,3,1,5,1,8,17.123214285714287,26.83809523809524
3,13,1,2,5,6,3,4,23.15496031746032,27.366666666666667
3,14,1,3,1,5,1,8,17.123214285714287,26.83809523809524
3,15,3,1,1,2,1,3,14.221825396825396,26.598809523809525
3,16,3,2,3,2,2,7,18.08730158730159,27.31547619047619
3,17,3,1,1,3,1,6,15.206150793650794,26.672619047619047
3,18,3,1,4,4,2,1,19.773015873015872,27.33452380952381
3,19,3,1,1,4,2,3,17.17579365079365,27.159523809523808
3,20,8,2,1,7,5,1,29.084325396825395,27.4
3,21,1,1,7,5,3,4,22.96746031746032,27.32857142857143
3,22,1,1,1,6,3,2,18.163095238095238,27.251190476190477
3,23,4,2,8,6,5,9,30.978373015873018,27.438095238095237
3,24,6,1,5,9,3,4,30.019444444444446,27.385714285714286
3,25,9,5,9,8,4,10,41.03174603174603,27.483333333333334
3,26,10,4,2,4,3,1,28.791468253968254,27.329761904761906
3,27,2,1,8,7,5,9,29.021626984126986,27.33214285714286
3,28,8,2,10,2,9,2,36.768253968253966,27.457142857142856
3,29,3,1,1,4,2,6,17.260119047619046,27.008333333333333
3,30,6,1,4,8,6,6,30.865079365079364,27.395238095238096
3,31,4,1,1,4,4,3,20.14027777777778,27.297619047619047
3,32,1,1,1,6,3,2,18.163095238095238,27.251190476190477
3,33,2,1,1,3,6,2,19.209126984126986,27.25952380952381
3,34,6,1,1,2,1,6,17.24702380952381,26.620238095238097
3,35,9,1,1,3,2,4,22.23531746031746,27.275
3,36,1,1,1,6,3,3,18.2125,27.159523809523808
3,37,7,4,2,4,3,1,25.946626984126983,27.321428571428573
3,38,1,2,4,6,4,4,23.023214285714285,27.29642857142857
3,39,9,1,1,5,9,8,31.181944444444444,27.41071428571429
3,40,6,7,5,7,5,3,35.9406746031746,27.426190476190477
3,41,10,4,1,7,2,1,30.04186507936508,27.33809523809524
3,42,8,9,6,8,5,9,42.013888888888886,27.458333333333332
3,43,3,9,10,8,10,8,45.83015873015873,27.46785714285714
3,44,5,4,9,8,7,10,38.96369047619048,27.442857142857143
3,45,2,4,5,9,5,3,31.0875,27.402380952380952
3,46,1,1,4,8,5,6,24.90972222222222,27.310714285714287
3,47,1,3,3,2,5,8,20.0625,27.257142857142856
3,48,1,1,1,7,2,5,18.26111111111111,27.248809523809523
3,49,1,1,4,5,1,3,18.01111111111111,26.998809523809523
4,0,10,4,5,9,2,3,35.965873015873015,27.551190476190477
4,1,3,2,10,7,5,7,33.03015873015873,27.49404761904762
4,2,1,2,5,6,3,4,23.15496031746032,27.366666666666667
4,3,3,1,1,4,2,3,17.17579365079365,27.159523809523808
4,4,4,3,8,6,3,4,30.117857142857144,27.448809523809526
4,5,1,3,1,5,1,8,17.123214285714287,26.83809523809524
4,6,1,3,1,5,1,8,17.123214285714287,26.83809523809524
4,7,1,2,5,6,3,4,23.15496031746032,27.366666666666667
4,8,1,3,1,5,1,8,17.123214285714287,26.83809523809524
4,9,3,2,3,2,2,7,18.08730158730159,27.31547619047619
4,10,3,1,4,4,2,1,19.773015873015872,27.33452380952381
4,11,3,1,1,4,2,3,17.17579365079365,27.159523809523808
4,12,1,1,1,4,1,3,14.181746031746032,26.701190476190476
4,13,1,3,1,4,1,8,16.212103174603175,26.82261904761905
4,14,1,2,5,6,5,9,24.895833333333332,27.40595238095238
4,15,1,3,1,4,1,8,16.212103174603175,26.82261904761905
4,16,4,3,3,7,5,9,28.19345238095238,27.43452380952381
4,17,1,3,1,5,1,8,17.123214285714287,26.83809523809524
4,18,1,1,1,6,2,2,17.207142857142856,27.29047619047619
4,19,3,1,1,3,1,3,14.942261904761905,26.705952380952382
4,20,2,1,1,2,1,3,13.098809523809523,26.62142857142857
4,21,4,3,3,7,5,10,28.043055555555554,27.36904761904762
4,22,3,1,1,3,1,7,15.271825396825397,26.677380952380954
4,23,3,1,1,2,1,3,14.221825396825396,26.598809523809525
4,24,8,2,1,7,5,1,29.084325396825395,27.4
4,25,3,1,1,3,1,7,15.271825396825397,26.677380952380954
4,26,1,1,4,7,9,6,28.168650793650794,27.375
4,27,3,1,1,2,1,3,14.221825396825396,26.598809523809525
4,28,3,1,1,3,1,6,15.206150793650794,26.672619047619047
4,29,8,2,1,7,5,1,29.084325396825395,27.4
4,30,1,1,7,5,3,4,22.96746031746032,27.32857142857143
4,31,4,2,8,6,5,9,30.978373015873018,27.438095238095237
4,32,9,5,9,8,4,10,41.03174603174603,27.483333333333334
4,33,8,2,10,2,9,2,36.768253968253966,27.457142857142856
4,34,3,1,1,4,2,6,17.260119047619046,27.008333333333333
4,35,4,1,1,4,4,3,20.14027777777778,27.297619047619047
4,36,2,1,1,3,6,2,19.209126984126986,27.25952380952381
4,37,4,1,1,4,2,1,18.054166666666667,27.25595238095238
4,38,9,1,5,5,2,3,28.028968253968255,27.329761904761906
4,39,3,1,1,2,1,3,14.221825396825396,26.598809523809525
4,40,3,2,1,3,5,2,20.17281746031746,27.322619047619046
4,41,3,9,10,8,10,8,45.83015873015873,27.46785714285714
4,42,6,1,1,2,1,6,17.24702380952381,26.620238095238097
4,43,1,1,4,5,1,3,18.01111111111111,26.998809523809523
4,44,1,1,1,6,3,2,18.163095238095238,27.251190476190477
4,45,6,7,5,7,5,3,35.9406746031746,27.426190476190477
4,46,8,9,6,8,5,9,42.013888888888886,27.458333333333332
4,47,2,1,4,4,1,1,17.649603174603175,26.795238095238094
4,48,1,1,4,5,1,2,18.00873015873016,26.826190476190476
4,49,5,4,9,8,7,10,38.96369047619048,27.442857142857143
5,0,3,2,3,2,2,7,18.08730158730159,27.31547619047619
5,1,1,1,1,6,2,2,17.207142857142856,27.29047619047619
5,2,2,1,1,2,1,3,13.098809523809523,26.62142857142857
5,3,1,1,7,4,3,3,21.893055555555556,27.55595238095238
5,4,1,1,1,4,2,6,15.276587301587302,27.18095238095238
5,5,3,1,1,2,2,3,14.989087301587302,27.090476190476192
5,6,1,3,1,5,3,8,19.312103174603173,27.34642857142857
5,7,2,1,1,3,1,1,14.03531746031746,26.93690476190476
5,8,10,4,5,9,2,3,35.965873015873015,27.551190476190477
5,9,3,2,10,7,5,7,33.03015873015873,27.49404761904762
5,10,1,2,5,6,3,4,23.15496031746032,27.366666666666667
5,11,3,1,1,4,2,3,17.17579365079365,27.159523809523808
5,12,4,3,8,6,3,4,30.117857142857144,27.448809523809526
5,13,1,2,5,6,3,4,23.15496031746032,27.366666666666667
5,14,3,1,4,4,2,1,19.773015873015872,27.33452380952381
5,15,3,1,1,4,2,3,17.17579365079365,27.159523809523808
5,16,1,1,1,4,1,3,14.181746031746032,26.701190476190476
5,17,1,2,5,6,5,9,24.895833333333332,27.40595238095238
5,18,3,1,1,3,1,3,14.942261904761905,26.705952380952382
5,19,2,1,1,3,6,2,19.209126984126986,27.25952380952381
5,20,4,1,1,4,2,1,18.054166666666667,27.25595238095238
5,21,1,1,8,6,3,2,24.839087301587302,27.373809523809523
5,22,3,1,1,4,1,1,15.899206349206349,26.761904761904763
5,23,1,2,1,6,5,9,21.163690476190478,27.341666666666665
5,24,3,1,1,4,2,1,17.101388888888888,27.139285714285716
5,25,3,1,1,4,1,2,15.975396825396826,26.91190476190476
5,26,1,1,1,4,1,3,14.181746031746032,26.701190476190476
5,27,4,1,7,5,3,4,25.823015873015873,27.439285714285713
5,28,9,5,9,8,4,10,41.03174603174603,27.483333333333334
5,29,3,1,1,2,1,3,14.221825396825396,26.598809523809525
5,30,3,1,1,2,1,3,14.221825396825396,26.598809523809525
5,31,8,2,10,2,9,2,36.768253968253966,27.457142857142856
5,32,1,1,1,6,3,2,18.163095238095238,27.251190476190477
5,33,4,2,8,6,5,9,30.978373015873018,27.438095238095237
5,34,3,1,4,3,1,3,17.658531746031745,27.01309523809524
5,35,4,3,1,6,3,4,23.30813492063492,27.354761904761904
5,36,1,3,1,3,1,8,15.318650793650795,26.683333333333334
5,37,1,3,1,5,1,8,17.123214285714287,26.83809523809524
5,38,3,1,1,4,2,6,17.260119047619046,27.008333333333333
5,39,4,3,3,7,5,10,28.043055555555554,27.36904761904762
5,40,1,3,1,4,1,8,16.212103174603175,26.82261904761905
5,41,4,3,3,7,5,9,28.19345238095238,27.43452380952381
5,42,2,1,1,3,1,3,14.25297619047619,26.679761904761904
5,43,1,1,7,4,3,4,22.173015873015874,27.325
5,44,3,2,1,3,5,2,20.17281746031746,27.322619047619046
5,45,4,1,1,4,4,3,20.14027777777778,27.297619047619047
5,46,1,1,4,7,9,6,28.168650793650794,27.375
5,47,4,1,1,4,4,3,20.14027777777778,27.297619047619047
5,48,1,3,1,4,1,8,16.212103174603175,26.82261904761905
5,49,1,1,7,5,3,4,22.96746031746032,27.32857142857143
6,0,3,2,3,2,2,7,18.08730158730159,27.31547619047619
6,1,1,1,1,6,2,2,17.207142857142856,27.29047619047619
6,2,1,1,7,4,3,3,21.893055555555556,27.55595238095238
6,3,1,1,1,4,2,6,15.276587301587302,27.18095238095238
6,4,3,1,1,2,2,3,14.989087301587302,27.090476190476192
6,5,1,1,1,2,2,2,13.03888888888889,27.03214285714286
6,6,3,1,1,3,3,2,17.255357142857143,27.310714285714287
6,7,1,3,1,4,3,8,18.25079365079365,27.35238095238095
6,8,3,1,1,4,2,2,17.185912698412697,27.25595238095238
6,9,1,1,7,4,3,3,21.893055555555556,27.55595238095238
6,10,1,3,1,4,2,8,17.127777777777776,27.226190476190474
6,11,2,1,1,1,1,3,12.109325396825398,26.241666666666667
6,12,1,1,1,5,2,3,16.216269841269842,27.20357142857143
6,13,2,1,1,2,1,3,13.098809523809523,26.62142857142857
6,14,1,3,1,5,3,8,19.312103174603173,27.34642857142857
6,15,2,1,1,3,1,1,14.03531746031746,26.93690476190476
6,16,10,4,5,9,2,3,35.965873015873015,27.551190476190477
6,17,3,2,10,7,5,7,33.03015873015873,27.49404761904762
6,18,1,2,5,6,3,4,23.15496031746032,27.366666666666667
6,19,3,1,1,4,2,3,17.17579365079365,27.159523809523808
6,20,4,3,8,6,3,4,30.117857142857144,27.448809523809526
6,21,1,2,5,6,3,4,23.15496031746032,27.366666666666667
6,22,3,1,1,4,2,3,17.17579365079365,27.159523809523808
6,23,1,2,5,6,5,9,24.895833333333332,27.40595238095238
6,24,2,1,1,3,6,2,19.209126984126986,27.25952380952381
6,25,4,1,1,4,2,1,18.054166666666667,27.25595238095238
6,26,1,1,8,6,3,2,24.839087301587302,27.373809523809523
6,27,4,1,7,5,3,4,25.823015873015873,27.439285714285713
6,28,1,1,1,4,2,3,15.328373015873016,27.14761904761905
6,29,4,1,1,4,2,1,18.054166666666667,27.25595238095238
6,30,1,3,1,5,3,8,19.312103174603173,27.34642857142857
6,31,2,1,1,2,1,3,13.098809523809523,26.62142857142857
6,32,2,1,1,2,1,3,13.098809523809523,26.62142857142857
6,33,3,1,1,4,2,3,17.17579365079365,27.159523809523808
6,34,1,1,1,4,1,3,14.181746031746032,26.701190476190476
6,35,9,5,9,8,4,10,41.03174603174603,27.483333333333334
6,36,1,1,1,4,1,3,14.181746031746032,26.701190476190476
6,37,3,1,1,4,1,2,15.975396825396826,26.91190476190476
6,38,8,2,10,2,9,2,36.768253968253966,27.457142857142856
6,39,4,2,8,6,5,9,30.978373015873018,27.438095238095237
6,40,3,1,1,4,2,1,17.101388888888888,27.139285714285716
6,41,4,3,1,6,3,4,23.30813492063492,27.354761904761904
6,42,3,1,1,4,1,1,15.899206349206349,26.761904761904763
6,43,4,3,3,7,5,10,28.043055555555554,27.36904761904762
6,44,1,1,1,6,3,2,18.163095238095238,27.251190476190477
6,45,4,3,3,7,5,9,28.19345238095238,27.43452380952381
6,46,3,1,1,4,2,1,17.101388888888888,27.139285714285716
6,47,3,1,4,4,2,1,19.773015873015872,27.33452380952381
6,48,1,2,1,6,5,9,21.163690476190478,27.341666666666665
6,49,1,1,1,6,3,2,18.163095238095238,27.251190476190477
7,0,1,1,7,4,3,3,21.893055555555556,27.55595238095238
7,1,1,1,1,4,2,6,15.276587301587302,27.18095238095238
7,2,1,1,1,2,2,2,13.03888888888889,27.03214285714286
7,3,1,3,1,4,3,8,18.25079365079365,27.35238095238095
7,4,1,1,7,4,3,3,21.893055555555556,27.55595238095238
7,5,2,1,1,1,1,3,12.109325396825398,26.241666666666667
7,6,1,1,1,4,2,6,15.276587301587302,27.18095238095238
7,7,1,1,1,3,2,1,14.083531746031746,27.166666666666668
7,8,1,1,7,4,3,3,21.893055555555556,27.55595238095238
7,9,3,3,1,3,2,1,17.990674603174604,27.335714285714285
7,10,3,1,1,3,2,3,16.098809523809525,27.333333333333332
7,11,2,1,1,2,3,3,15.312896825396825,27.185714285714287
7,12,2,1,1,4,5,6,19.29206349206349,27.516666666666666
7,13,1,1,1,4,2,1,15.081150793650794,27.176190476190477
7,14,3,2,3,2,2,7,18.08730158730159,27.31547619047619
7,15,1,1,1,6,2,2,17.207142857142856,27.29047619047619
7,16,3,1,1,2,2,3,14.989087301587302,27.090476190476192
7,17,3,1,1,3,3,2,17.255357142857143,27.310714285714287
7,18,3,1,1,4,2,2,17.185912698412697,27.25595238095238
7,19,1,3,1,4,2,8,17.127777777777776,27.226190476190474
7,20,1,1,1,5,2,3,16.216269841269842,27.20357142857143
7,21,1,3,1,5,3,8,19.312103174603173,27.34642857142857
7,22,2,1,1,3,1,1,14.03531746031746,26.93690476190476
7,23,10,4,5,9,2,3,35.965873015873015,27.551190476190477
7,24,3,2,10,7,5,7,33.03015873015873,27.49404761904762
7,25,1,2,5,6,3,4,23.15496031746032,27.366666666666667
7,26,4,3,8,6,3,4,30.117857142857144,27.448809523809526
7,27,1,2,5,6,3,4,23.15496031746032,27.366666666666667
7,28,1,2,5,6,5,9,24.895833333333332,27.40595238095238
7,29,1,1,8,6,3,2,24.839087301587302,27.373809523809523
7,30,4,1,7,5,3,4,25.823015873015873,27.439285714285713
7,31,1,1,1,4,2,3,15.328373015873016,27.14761904761905
7,32,1,3,1,5,3,8,19.312103174603173,27.34642857142857
7,33,1,1,1,3,1,2,13.1875,26.895238095238096
7,34,2,1,1,2,1,2,13.096428571428572,26.813095238095237
7,35,1,1,1,4,2,3,15.328373015873016,27.14761904761905
7,36,1,2,5,6,5,9,24.895833333333332,27.40595238095238
7,37,4,1,1,2,3,3,17.15654761904762,27.25357142857143
7,38,1,1,1,4,3,8,16.170833333333334,27.18690476190476
7,39,1,3,1,5,3,8,19.312103174603173,27.34642857142857
7,40,4,3,8,6,3,4,30.117857142857144,27.448809523809526
7,41,3,1,1,1,1,3,13.083531746031746,26.34642857142857
7,42,2,1,1,2,1,3,13.098809523809523,26.62142857142857
7,43,9,5,9,8,4,10,41.03174603174603,27.483333333333334
7,44,2,1,1,2,1,3,13.098809523809523,26.62142857142857
7,45,8,2,10,2,9,2,36.768253968253966,27.457142857142856
7,46,1,1,1,4,1,4,14.12202380952381,26.9
7,47,4,2,8,6,5,9,30.978373015873018,27.438095238095237
7,48,2,1,1,4,1,3,15.001785714285715,26.91190476190476
7,49,3,1,1,4,2,1,17.101388888888888,27.139285714285716
8,0,1,1,7,4,3,3,21.893055555555556,27.55595238095238
8,1,1,1,1,2,2,2,13.03888888888889,27.03214285714286
8,2,1,3,1,4,3,8,18.25079365079365,27.35238095238095
8,3,1,1,7,4,3,3,21.893055555555556,27.55595238095238
8,4,2,1,1,1,1,3,12.109325396825398,26.241666666666667
8,5,1,1,1,3,2,1,14.083531746031746,27.166666666666668
8,6,1,1,7,4,3,3,21.893055555555556,27.55595238095238
8,7,3,3,1,3,2,1,17.990674603174604,27.335714285714285
8,8,3,1,1,3,2,3,16.098809523809525,27.333333333333332
8,9,2,1,1,4,5,6,19.29206349206349,27.516666666666666
8,10,1,1,1,4,2,1,15.081150793650794,27.176190476190477
8,11,2,1,1,1,1,3,12.109325396825398,26.241666666666667
8,12,1,1,7,4,3,3,21.893055555555556,27.55595238095238
8,13,1,1,7,4,3,3,21.893055555555556,27.55595238095238
8,14,1,1,1,3,2,1,14.083531746031746,27.166666666666668
8,15,1,1,7,4,3,3,21.893055555555556,27.55595238095238
8,16,1,1,1,2,1,2,12.244444444444445,26.472619047619048
8,17,2,1,1,4,5,6,19.29206349206349,27.516666666666666
8,18,2,1,1,1,1,3,12.109325396825398,26.241666666666667
8,19,1,1,1,3,2,1,14.083531746031746,27.166666666666668
8,20,1,1,1,3,3,2,15.181746031746032,27.291666666666668
8,21,2,1,1,1,1,3,12.109325396825398,26.241666666666667
8,22,1,1,1,4,2,6,15.276587301587302,27.18095238095238
8,23,1,1,1,4,2,6,15.276587301587302,27.18095238095238
8,24,2,1,1,2,3,3,15.312896825396825,27.185714285714287
8,25,3,2,3,2,2,7,18.08730158730159,27.31547619047619
8,26,3,1,1,3,3,2,17.255357142857143,27.310714285714287
8,27,2,1,1,3,1,1,14.03531746031746,26.93690476190476
8,28,10,4,5,9,2,3,35.965873015873015,27.551190476190477
8,29,3,2,10,7,5,7,33.03015873015873,27.49404761904762
8,30,4,3,8,6,3,4,30.117857142857144,27.448809523809526
8,31,4,1,7,5,3,4,25.823015873015873,27.439285714285713
8,32,1,1,1,3,1,2,13.1875,26.895238095238096
8,33,2,1,1,2,1,2,13.096428571428572,26.813095238095237
8,34,4,3,8,6,3,4,30.117857142857144,27.448809523809526
8,35,3,1,1,1,1,3,13.083531746031746,26.34642857142857
8,36,1,1,1,2,3,8,14.12420634920635,27.09642857142857
8,37,2,1,1,2,1,2,13.096428571428572,26.813095238095237
8,38,3,1,1,2,3,4,16.15892857142857,27.25357142857143
8,39,2,1,1,3,2,1,14.971626984126985,27.132142857142856
8,40,4,3,8,6,3,4,30.117857142857144,27.448809523809526
8,41,1,2,1,5,2,2,17.126785714285713,27.30952380952381
8,42,3,1,1,4,3,8,18.251190476190477,27.35238095238095
8,43,1,1,7,5,2,3,22.01607142857143,27.413095238095238
8,44,9,5,9,8,4,10,41.03174603174603,27.483333333333334
8,45,2,1,1,2,1,3,13.098809523809523,26.62142857142857
8,46,2,1,1,2,1,3,13.098809523809523,26.62142857142857
8,47,8,2,10,2,9,2,36.768253968253966,27.457142857142856
8,48,1,1,1,4,1,4,14.12202380952381,26.9
8,49,3,1,1,2,2,3,14.989087301587302,27.090476190476192
9,0,1,1,7,4,3,3,21.893055555555556,27.55595238095238
9,1,1,1,1,2,2,2,13.03888888888889,27.03214285714286
9,2,1,3,1,4,3,8,18.25079365079365,27.35238095238095
9,3,1,1,7,4,3,3,21.893055555555556,27.55595238095238
9,4,2,1,1,1,1,3,12.109325396825398,26.241666666666667
9,5,1,1,1,3,2,1,14.083531746031746,27.166666666666668
9,6,1,1,7,4,3,3,21.893055555555556,27.55595238095238
9,7,3,3,1,3,2,1,17.990674603174604,27.335714285714285
9,8,3,1,1,3,2,3,16.098809523809525,27.333333333333332
9,9,2,1,1,4,5,6,19.29206349206349,27.516666666666666
9,10,1,1,1,4,2,1,15.081150793650794,27.176190476190477
9,11,2,1,1,1,1,3,12.109325396825398,26.241666666666667
9,12,1,1,7,4,3,3,21.893055555555556,27.55595238095238
9,13,1,1,7,4,3,3,21.893055555555556,27.55595238095238
9,14,1,1,1,3,2,1,14.083531746031746,27.166666666666668
9,15,1,1,7,4,3,3,21.893055555555556,27.55595238095238
9,16,1,1,1,2,1,2,12.244444444444445,26.472619047619048
9,17,2,1,1,4,5,6,19.29206349206349,27.516666666666666
9,18,2,1,1,1,1,3,12.109325396825398,26.241666666666667
9,19,1,1,1,3,2,1,14.083531746031746,27.166666666666668
9,20,1,1,1,3,3,2,15.181746031746032,27.291666666666668
9,21,2,1,1,1,1,3,12.109325396825398,26.241666666666667
9,22,1,1,1,2,2,2,13.03888888888889,27.03214285714286
9,23,1,1,1,3,3,2,15.181746031746032,27.291666666666668
9,24,1,1,1,3,2,1,14.083531746031746,27.166666666666668
9,25,2,1,1,1,1,3,12.109325396825398,26.241666666666667
9,26,1,1,1,2,2,2,13.03888888888889,27.03214285714286
9,27,1,1,1,2,1,2,12.244444444444445,26.472619047619048
9,28,3,3,1,3,2,1,17.990674603174604,27.335714285714285
9,29,1,1,7,4,3,3,21.893055555555556,27.55595238095238
9,30,2,1,1,2,3,4,15.087301587301587,27.197619047619046
9,31,1,1,1,2,1,2,12.244444444444445,26.472619047619048
9,32,1,1,1,2,1,2,12.244444444444445,26.472619047619048
9,33,3,1,1,1,1,3,13.083531746031746,26.34642857142857
9,34,10,4,5,9,2,3,35.965873015873015,27.551190476190477
9,35,3,1,1,1,1,3,13.083531746031746,26.34642857142857
9,36,1,1,7,5,2,3,22.01607142857143,27.413095238095238
9,37,2,1,1,2,1,2,13.096428571428572,26.813095238095237
9,38,4,1,7,5,3,4,25.823015873015873,27.439285714285713
9,39,3,2,10,7,5,7,33.03015873015873,27.49404761904762
9,40,3,1,1,4,3,8,18.251190476190477,27.35238095238095
9,41,4,3,8,6,3,4,30.117857142857144,27.448809523809526
9,42,2,1,1,3,1,1,14.03531746031746,26.93690476190476
9,43,3,1,1,2,3,4,16.15892857142857,27.25357142857143
9,44,1,1,1,2,3,8,14.12420634920635,27.09642857142857
9,45,4,3,8,6,3,4,30.117857142857144,27.448809523809526
9,46,1,1,1,3,1,2,13.1875,26.895238095238096
9,47,2,1,1,3,2,1,14.971626984126985,27.132142857142856
9,48,3,2,3,2,2,7,18.08730158730159,27.31547619047619
9,49,2,1,1,2,1,2,13.096428571428572,26.813095238095237
10,0,1,1,7,4,3,3,21.893055555555556,27.55595238095238
10,1,1,1,1,2,2,2,13.03888888888889,27.03214285714286
10,2,1,1,7,4,3,3,21.893055555555556,27.55595238095238
10,3,2,1,1,1,1,3,12.109325396825398,26.241666666666667
10,4,1,1,1,3,2,1,14.083531746031746,27.166666666666668
10,5,1,1,7,4,3,3,21.893055555555556,27.55595238095238
10,6,2,1,1,4,5,6,19.29206349206349,27.516666666666666
10,7,1,1,1,4,2,1,15.081150793650794,27.176190476190477
10,8,2,1,1,1,1,3,12.109325396825398,26.241666666666667
10,9,1,1,7,4,3,3,21.893055555555556,27.55595238095238
10,10,1,1,7,4,3,3,21.893055555555556,27.55595238095238
10,11,1,1,1,3,2,1,14.083531746031746,27.166666666666668
10,12,1,1,7,4,3,3,21.893055555555556,27.55595238095238
10,13,2,1,1,4,5,6,19.29206349206349,27.516666666666666
10,14,2,1,1,1,1,3,12.109325396825398,26.241666666666667
10,15,1,1,1,3,2,1,14.083531746031746,27.166666666666668
10,16,1,1,1,3,3,2,15.181746031746032,27.291666666666668
10,17,2,1,1,1,1,3,12.109325396825398,26.241666666666667
10,18,1,1,1,2,2,2,13.03888888888889,27.03214285714286
10,19,1,1,1,3,3,2,15.181746031746032,27.291666666666668
10,20,1,1,1,3,2,1,14.083531746031746,27.166666666666668
10,21,2,1,1,1,1,3,12.109325396825398,26.241666666666667
10,22,1,1,1,2,2,2,13.03888888888889,27.03214285714286
10,23,1,1,7,4,3,3,21.893055555555556,27.55595238095238
10,24,2,1,1,2,3,4,15.087301587301587,27.197619047619046
10,25,2,1,1,4,5,6,19.29206349206349,27.516666666666666
10,26,1,1,7,4,3,3,21.893055555555556,27.55595238095238
10,27,1,1,1,4,2,1,15.081150793650794,27.176190476190477
10,28,2,1,1,1,1,3,12.109325396825398,26.241666666666667
10,29,2,1,1,1,1,3,12.109325396825398,26.241666666666667
10,30,1,1,7,4,3,3,21.893055555555556,27.55595238095238
10,31,2,1,1,4,5,6,19.29206349206349,27.516666666666666
10,32,1,1,1,3,3,2,15.181746031746032,27.291666666666668
10,33,1,1,1,3,3,2,15.181746031746032,27.291666666666668
10,34,1,1,1,2,1,3,12.244047619047619,26.732142857142858
10,35,2,1,1,1,1,3,12.109325396825398,26.241666666666667
10,36,1,1,1,3,3,4,15.21765873015873,27.423809523809524
10,37,1,1,1,2,2,8,13.349404761904761,27.11547619047619
10,38,10,4,5,9,2,3,35.965873015873015,27.551190476190477
10,39,1,1,1,2,1,2,12.244444444444445,26.472619047619048
10,40,1,1,1,2,1,2,12.244444444444445,26.472619047619048
10,41,1,1,1,2,2,7,13.092261904761905,26.933333333333334
10,42,3,2,1,7,4,7,23.28015873015873,27.44404761904762
10,43,3,2,10,7,5,7,33.03015873015873,27.49404761904762
10,44,4,3,8,6,3,4,30.117857142857144,27.448809523809526
10,45,3,1,1,2,2,4,15.242460317460317,27.229761904761904
10,46,1,1,7,4,2,2,21.071031746031746,27.36547619047619
10,47,2,1,1,3,1,1,14.03531746031746,26.93690476190476
10,48,3,1,1,3,2,3,16.098809523809525,27.333333333333332
10,49,1,1,1,3,2,3,14.040674603174603,27.08095238095238
11,0,1,1,7,4,3,3,21.893055555555556,27.55595238095238
11,1,1,1,1,2,2,2,13.03888888888889,27.03214285714286
11,2,1,1,7,4,3,3,21.893055555555556,27.55595238095238
11,3,2,1,1,1,1,3,12.109325396825398,26.241666666666667
11,4,1,1,7,4,3,3,21.893055555555556,27.55595238095238
11,5,2,1,1,4,5,6,19.29206349206349,27.516666666666666
11,6,2,1,1,1,1,3,12.109325396825398,26.241666666666667
11,7,1,1,7,4,3,3,21.893055555555556,27.55595238095238
11,8,1,1,7,4,3,3,21.893055555555556,27.55595238095238
11,9,1,1,7,4,3,3,21.893055555555556,27.55595238095238
11,10,2,1,1,4,5,6,19.29206349206349,27.516666666666666
11,11,2,1,1,1,1,3,12.109325396825398,26.241666666666667
11,12,2,1,1,1,1,3,12.109325396825398,26.241666666666667
11,13,1,1,1,2,2,2,13.03888888888889,27.03214285714286
11,14,2,1,1,1,1,3,12.109325396825398,26.241666666666667
11,15,1,1,1,2,2,2,13.03888888888889,27.03214285714286
11,16,1,1,7,4,3,3,21.893055555555556,27.55595238095238
11,17,2,1,1,4,5,6,19.29206349206349,27.516666666666666
11,18,1,1,7,4,3,3,21.893055555555556,27.55595238095238
11,19,2,1,1,1,1,3,12.109325396825398,26.241666666666667
11,20,2,1,1,1,1,3,12.109325396825398,26.241666666666667
11,21,1,1,7,4,3,3,21.893055555555556,27.55595238095238
11,22,2,1,1,4,5,6,19.29206349206349,27.516666666666666
11,23,1,1,1,2,1,3,12.244047619047619,26.732142857142858
11,24,2,1,1,1,1,3,12.109325396825398,26.241666666666667
11,25,1,1,1,3,3,4,15.21765873015873,27.423809523809524
11,26,1,1,1,3,3,1,15.139285714285714,27.31190476190476
11,27,2,1,1,1,1,3,12.109325396825398,26.241666666666667
11,28,2,1,1,1,1,3,12.109325396825398,26.241666666666667
11,29,1,1,7,4,3,3,21.893055555555556,27.55595238095238
11,30,1,1,1,2,1,3,12.244047619047619,26.732142857142858
11,31,1,1,1,2,1,3,12.244047619047619,26.732142857142858
11,32,2,1,1,1,1,3,12.109325396825398,26.241666666666667
11,33,1,1,1,2,2,4,13.27797619047619,27.173809523809524
11,34,1,1,1,1,1,3,11.280753968253968,26.214285714285715
11,35,1,1,1,1,1,3,11.280753968253968,26.214285714285715
11,36,2,1,1,1,1,3,12.109325396825398,26.241666666666667
11,37,1,1,7,4,3,3,21.893055555555556,27.55595238095238
11,38,2,1,1,3,2,8,15.072817460317461,27.266666666666666
11,39,1,1,1,2,2,3,13.360714285714286,27.23690476190476
11,40,2,1,1,1,1,8,12.071825396825396,26.107142857142858
11,41,10,4,5,9,2,3,35.965873015873015,27.551190476190477
11,42,4,3,8,6,3,4,30.117857142857144,27.448809523809526
11,43,2,1,1,1,2,3,13.087103174603175,26.725
11,44,3,2,1,7,4,7,23.28015873015873,27.44404761904762
11,45,3,2,10,7,5,7,33.03015873015873,27.49404761904762
11,46,1,1,1,2,1,2,12.244444444444445,26.472619047619048
11,47,1,1,1,2,2,7,13.092261904761905,26.933333333333334
11,48,1,1,4,4,3,2,19.068650793650793,27.364285714285714
11,49,1,1,1,2,2,8,13.349404761904761,27.11547619047619
12,0,1,1,7,4,3,3,21.893055555555556,27.55595238095238
12,1,1,1,1,2,2,2,13.03888888888889,27.03214285714286
12,2,1,1,7,4,3,3,21.893055555555556,27.55595238095238
12,3,1,1,7,4,3,3,21.893055555555556,27.55595238095238
12,4,2,1,1,4,5,6,19.29206349206349,27.516666666666666
12,5,1,1,7,4,3,3,21.893055555555556,27.55595238095238
12,6,1,1,7,4,3,3,21.893055555555556,27.55595238095238
12,7,1,1,7,4,3,3,21.893055555555556,27.55595238095238
12,8,2,1,1,4,5,6,19.29206349206349,27.516666666666666
12,9,1,1,1,2,2,2,13.03888888888889,27.03214285714286
12,10,1,1,1,2,2,2,13.03888888888889,27.03214285714286
12,11,1,1,7,4,3,3,21.893055555555556,27.55595238095238
12,12,2,1,1,4,5,6,19.29206349206349,27.516666666666666
12,13,1,1,7,4,3,3,21.893055555555556,27.55595238095238
12,14,1,1,7,4,3,3,21.893055555555556,27.55595238095238
12,15,2,1,1,4,5,6,19.29206349206349,27.516666666666666
12,16,1,1,1,3,3,4,15.21765873015873,27.423809523809524
12,17,1,1,1,3,3,1,15.139285714285714,27.31190476190476
12,18,1,1,7,4,3,3,21.893055555555556,27.55595238095238
12,19,1,1,1,2,2,4,13.27797619047619,27.173809523809524
12,20,1,1,7,4,3,3,21.893055555555556,27.55595238095238
12,21,2,1,1,3,2,8,15.072817460317461,27.266666666666666
12,22,1,1,1,2,2,3,13.360714285714286,27.23690476190476
12,23,1,1,1,1,2,3,12.09186507936508,26.81547619047619
12,24,1,1,1,2,2,2,13.03888888888889,27.03214285714286
12,25,2,1,1,3,2,8,15.072817460317461,27.266666666666666
12,26,1,1,7,4,3,3,21.893055555555556,27.55595238095238
12,27,1,1,1,2,2,2,13.03888888888889,27.03214285714286
12,28,1,1,1,1,1,4,11.216468253968253,26.215476190476192
12,29,2,1,1,4,5,6,19.29206349206349,27.516666666666666
12,30,1,1,7,4,3,3,21.893055555555556,27.55595238095238
12,31,1,1,1,2,2,3,13.360714285714286,27.23690476190476
12,32,1,1,7,4,3,3,21.893055555555556,27.55595238095238
12,33,1,1,1,3,3,4,15.21765873015873,27.423809523809524
12,34,2,1,1,3,2,8,15.072817460317461,27.266666666666666
12,35,2,1,1,4,5,6,19.29206349206349,27.516666666666666
12,36,1,1,7,4,3,3,21.893055555555556,27.55595238095238
12,37,1,1,1,2,2,2,13.03888888888889,27.03214285714286
12,38,2,1,1,4,5,6,19.29206349206349,27.516666666666666
12,39,2,1,1,4,5,6,19.29206349206349,27.516666666666666
12,40,1,1,1,3,3,4,15.21765873015873,27.423809523809524
12,41,10,4,5,9,2,3,35.965873015873015,27.551190476190477
12,42,1,1,1,1,1,3,11.280753968253968,26.214285714285715
12,43,1,1,1,1,1,3,11.280753968253968,26.214285714285715
12,44,4,3,8,6,3,4,30.117857142857144,27.448809523809526
12,45,1,1,1,2,1,4,12.123214285714285,26.64761904761905
12,46,3,2,1,7,4,7,23.28015873015873,27.44404761904762
12,47,2,1,1,1,1,3,12.109325396825398,26.241666666666667
12,48,1,1,1,2,2,7,13.092261904761905,26.933333333333334
12,49,3,2,10,7,5,7,33.03015873015873,27.49404761904762
13,0,1,1,1,1,1,4,11.216468253968253,26.215476190476192
13,1,1,1,7,4,3,3,21.893055555555556,27.55595238095238
13,2,1,1,1,1,1,4,11.216468253968253,26.215476190476192
13,3,1,1,7,4,3,3,21.893055555555556,27.55595238095238
13,4,1,1,1,1,2,3,12.09186507936508,26.81547619047619
13,5,1,1,1,3,3,4,15.21765873015873,27.423809523809524
13,6,2,1,1,4,5,6,19.29206349206349,27.516666666666666
13,7,2,1,1,4,5,6,19.29206349206349,27.516666666666666
13,8,1,1,1,1,2,3,12.09186507936508,26.81547619047619
13,9,1,1,1,2,2,3,13.360714285714286,27.23690476190476
13,10,1,1,1,2,2,2,13.03888888888889,27.03214285714286
13,11,2,1,1,3,2,8,15.072817460317461,27.266666666666666
13,12,1,1,1,2,2,2,13.03888888888889,27.03214285714286
13,13,1,1,1,3,3,1,15.139285714285714,27.31190476190476
13,14,1,1,1,2,2,4,13.27797619047619,27.173809523809524
13,15,1,1,1,3,3,4,15.21765873015873,27.423809523809524
13,16,1,1,1,2,2,4,13.27797619047619,27.173809523809524
13,17,1,1,1,2,2,3,13.360714285714286,27.23690476190476
13,18,2,1,1,3,2,8,15.072817460317461,27.266666666666666
13,19,1,1,7,4,3,3,21.893055555555556,27.55595238095238
13,20,2,1,1,4,5,6,19.29206349206349,27.516666666666666
13,21,2,1,1,3,2,8,15.072817460317461,27.266666666666666
13,22,1,1,7,4,3,3,21.893055555555556,27.55595238095238
13,23,1,1,7,4,3,3,21.893055555555556,27.55595238095238
13,24,1,1,7,4,3,3,21.893055555555556,27.55595238095238
13,25,2,1,1,4,5,6,19.29206349206349,27.516666666666666
13,26,1,1,7,4,3,3,21.893055555555556,27.55595238095238
13,27,1,1,7,4,3,3,21.893055555555556,27.55595238095238
13,28,2,1,1,4,5,6,19.29206349206349,27.516666666666666
13,29,1,1,7,4,3,3,21.893055555555556,27.55595238095238
13,30,1,1,7,4,3,3,21.893055555555556,27.55595238095238
13,31,2,1,1,4,5,6,19.29206349206349,27.516666666666666
13,32,1,1,7,4,3,3,21.893055555555556,27.55595238095238
13,33,1,1,7,4,3,3,21.893055555555556,27.55595238095238
13,34,2,1,1,4,5,6,19.29206349206349,27.516666666666666
13,35,1,1,7,4,3,3,21.893055555555556,27.55595238095238
13,36,1,1,7,4,3,3,21.893055555555556,27.55595238095238
13,37,1,1,1,3,3,4,15.21765873015873,27.423809523809524
13,38,1,1,7,4,3,3,21.893055555555556,27.55595238095238
13,39,2,1,1,4,5,6,19.29206349206349,27.516666666666666
13,40,1,1,1,2,2,2,13.03888888888889,27.03214285714286
13,41,1,1,1,2,2,2,13.03888888888889,27.03214285714286
13,42,1,1,1,2,2,2,13.03888888888889,27.03214285714286
13,43,2,1,1,4,5,6,19.29206349206349,27.516666666666666
13,44,1,1,1,3,3,4,15.21765873015873,27.423809523809524
13,45,1,1,1,2,2,2,13.03888888888889,27.03214285714286
13,46,1,1,7,4,3,3,21.893055555555556,27.55595238095238
13,47,1,1,7,4,3,3,21.893055555555556,27.55595238095238
13,48,2,1,1,4,5,6,19.29206349206349,27.516666666666666
13,49,1,1,7,4,3,3,21.893055555555556,27.55595238095238
14,0,1,1,7,4,3,3,21.893055555555556,27.55595238095238
14,1,1,1,1,1,1,4,11.216468253968253,26.215476190476192
14,2,1,1,7,4,3,3,21.893055555555556,27.55595238095238
14,3,1,1,1,1,1,4,11.216468253968253,26.215476190476192
14,4,1,1,1,1,2,3,12.09186507936508,26.81547619047619
14,5,2,1,1,4,4,6,18.09345238095238,27.457142857142856
14,6,1,1,1,3,3,4,15.21765873015873,27.423809523809524
14,7,2,1,1,4,5,6,19.29206349206349,27.516666666666666
14,8,1,1,1,1,2,3,12.09186507936508,26.81547619047619
14,9,1,1,1,2,2,3,13.360714285714286,27.23690476190476
14,10,2,1,1,3,2,8,15.072817460317461,27.266666666666666
14,11,1,1,1,2,2,2,13.03888888888889,27.03214285714286
14,12,1,1,1,2,2,2,13.03888888888889,27.03214285714286
14,13,2,1,1,4,5,6,19.29206349206349,27.516666666666666
14,14,1,1,1,3,3,1,15.139285714285714,27.31190476190476
14,15,1,1,1,2,2,6,13.126785714285713,27.142857142857142
14,16,1,1,1,2,2,4,13.27797619047619,27.173809523809524
14,17,1,1,1,3,3,4,15.21765873015873,27.423809523809524
14,18,1,1,1,2,2,4,13.27797619047619,27.173809523809524
14,19,1,1,1,2,2,3,13.360714285714286,27.23690476190476
14,20,2,1,1,3,2,8,15.072817460317461,27.266666666666666
14,21,1,1,7,4,3,3,21.893055555555556,27.55595238095238
14,22,1,1,7,4,3,3,21.893055555555556,27.55595238095238
14,23,1,1,7,4,3,3,21.893055555555556,27.55595238095238
14,24,2,1,1,4,5,6,19.29206349206349,27.516666666666666
14,25,1,1,7,4,3,3,21.893055555555556,27.55595238095238
14,26,1,1,7,4,3,3,21.893055555555556,27.55595238095238
14,27,1,1,7,4,3,3,21.893055555555556,27.55595238095238
14,28,1,1,1,2,2,2,13.03888888888889,27.03214285714286
14,29,1,1,7,4,3,3,21.893055555555556,27.55595238095238
14,30,2,1,1,4,5,6,19.29206349206349,27.516666666666666
14,31,1,1,7,4,3,3,21.893055555555556,27.55595238095238
14,32,2,1,1,4,5,6,19.29206349206349,27.516666666666666
14,33,2,1,1,4,5,6,19.29206349206349,27.516666666666666
14,34,1,1,7,4,3,3,21.893055555555556,27.55595238095238
14,35,1,1,7,4,3,3,21.893055555555556,27.55595238095238
14,36,1,1,7,4,3,3,21.893055555555556,27.55595238095238
14,37,1,1,7,4,3,3,21.893055555555556,27.55595238095238
14,38,1,1,7,4,3,3,21.893055555555556,27.55595238095238
14,39,1,1,1,1,2,3,12.09186507936508,26.81547619047619
14,40,1,1,1,2,2,4,13.27797619047619,27.173809523809524
14,41,2,1,1,4,5,6,19.29206349206349,27.516666666666666
14,42,2,1,1,4,5,6,19.29206349206349,27.516666666666666
14,43,1,1,7,4,3,3,21.893055555555556,27.55595238095238
14,44,2,1,1,3,2,8,15.072817460317461,27.266666666666666
14,45,1,1,7,4,3,3,21.893055555555556,27.55595238095238
14,46,1,1,1,2,2,2,13.03888888888889,27.03214285714286
14,47,1,1,1,3,3,4,15.21765873015873,27.423809523809524
14,48,1,1,7,4,3,3,21.893055555555556,27.55595238095238
14,49,1,1,7,4,3,3,21.893055555555556,27.55595238095238
15,0,1,1,7,4,3,3,21.893055555555556,27.55595238095238
15,1,1,1,7,4,3,3,21.893055555555556,27.55595238095238
15,2,1,1,1,1,1,4,11.216468253968253,26.215476190476192
15,3,1,1,1,1,1,4,11.216468253968253,26.215476190476192
15,4,1,1,1,1,2,3,12.09186507936508,26.81547619047619
15,5,2,1,1,4,4,6,18.09345238095238,27.457142857142856
15,6,1,1,1,3,3,4,15.21765873015873,27.423809523809524
15,7,2,1,1,4,5,6,19.29206349206349,27.516666666666666
15,8,1,1,1,1,2,3,12.09186507936508,26.81547619047619
15,9,1,1,1,2,2,3,13.360714285714286,27.23690476190476
15,10,2,1,1,3,2,8,15.072817460317461,27.266666666666666
15,11,1,1,1,2,2,2,13.03888888888889,27.03214285714286
15,12,1,1,1,2,2,2,13.03888888888889,27.03214285714286
15,13,2,1,1,4,5,6,19.29206349206349,27.516666666666666
15,14,1,1,1,3,3,1,15.139285714285714,27.31190476190476
15,15,1,1,1,2,2,6,13.126785714285713,27.142857142857142
15,16,1,1,1,2,2,4,13.27797619047619,27.173809523809524
15,17,1,1,1,3,3,4,15.21765873015873,27.423809523809524
15,18,1,1,1,2,2,6,13.126785714285713,27.142857142857142
15,19,1,1,1,2,2,4,13.27797619047619,27.173809523809524
15,20,1,1,1,2,2,3,13.360714285714286,27.23690476190476
15,21,2,1,1,3,2,8,15.072817460317461,27.266666666666666
15,22,1,1,1,1,1,4,11.216468253968253,26.215476190476192
15,23,2,1,1,4,5,6,19.29206349206349,27.516666666666666
15,24,1,1,7,4,3,3,21.893055555555556,27.55595238095238
15,25,2,1,1,4,5,6,19.29206349206349,27.516666666666666
15,26,1,1,7,4,3,3,21.893055555555556,27.55595238095238
15,27,1,1,1,3,3,4,15.21765873015873,27.423809523809524
15,28,1,1,7,4,3,3,21.893055555555556,27.55595238095238
15,29,1,1,7,4,3,3,21.893055555555556,27.55595238095238
15,30,1,1,1,2,2,2,13.03888888888889,27.03214285714286
15,31,1,1,1,1,2,3,12.09186507936508,26.81547619047619
15,32,1,1,7,4,3,3,21.893055555555556,27.55595238095238
15,33,1,1,7,4,3,3,21.893055555555556,27.55595238095238
15,34,2,1,1,4,5,6,19.29206349206349,27.516666666666666
15,35,1,1,1,2,2,4,13.27797619047619,27.173809523809524
15,36,2,1,1,4,5,6,19.29206349206349,27.516666666666666
15,37,2,1,1,4,5,6,19.29206349206349,27.516666666666666
15,38,1,1,1,1,2,3,12.09186507936508,26.81547619047619
15,39,2,1,1,4,5,6,19.29206349206349,27.516666666666666
15,40,1,1,1,2,2,4,13.27797619047619,27.173809523809524
15,41,1,1,7,4,3,3,21.893055555555556,27.55595238095238
15,42,1,1,1,2,2,2,13.03888888888889,27.03214285714286
15,43,2,1,1,4,5,6,19.29206349206349,27.516666666666666
15,44,1,1,7,4,3,3,21.893055555555556,27.55595238095238
15,45,1,1,1,1,2,3,12.09186507936508,26.81547619047619
15,46,1,1,7,4,3,3,21.893055555555556,27.55595238095238
15,47,1,1,1,2,2,2,13.03888888888889,27.03214285714286
15,48,1,1,7,4,3,3,21.893055555555556,27.55595238095238
15,49,1,1,7,4,3,3,21.893055555555556,27.55595238095238
16,0,1,1,1,1,1,4,11.216468253968253,26.215476190476192
16,1,1,1,7,4,3,3,21.893055555555556,27.55595238095238
16,2,1,1,7,4,3,3,21.893055555555556,27.55595238095238
16,3,1,1,1,1,1,4,11.216468253968253,26.215476190476192
16,4,1,1,1,1,2,3,12.09186507936508,26.81547619047619
16,5,2,1,1,4,4,6,18.09345238095238,27.457142857142856
16,6,1,1,1,3,3,4,15.21765873015873,27.423809523809524
16,7,2,1,1,4,5,6,19.29206349206349,27.516666666666666
16,8,1,1,1,1,2,3,12.09186507936508,26.81547619047619
16,9,1,1,1,2,2,3,13.360714285714286,27.23690476190476
16,10,2,1,1,3,2,8,15.072817460317461,27.266666666666666
16,11,1,1,1,2,2,2,13.03888888888889,27.03214285714286
16,12,1,1,1,2,2,2,13.03888888888889,27.03214285714286
16,13,2,1,1,4,5,6,19.29206349206349,27.516666666666666
16,14,1,1,1,3,3,1,15.139285714285714,27.31190476190476
16,15,1,1,1,2,2,6,13.126785714285713,27.142857142857142
16,16,1,1,1,2,2,4,13.27797619047619,27.173809523809524
16,17,1,1,1,3,3,4,15.21765873015873,27.423809523809524
16,18,1,1,1,2,2,6,13.126785714285713,27.142857142857142
16,19,1,1,1,2,2,4,13.27797619047619,27.173809523809524
16,20,1,1,1,2,2,3,13.360714285714286,27.23690476190476
16,21,2,1,1,3,2,8,15.072817460317461,27.266666666666666
16,22,2,1,1,4,5,6,19.29206349206349,27.516666666666666
16,23,1,1,7,4,3,3,21.893055555555556,27.55595238095238
16,24,1,1,7,4,3,3,21.893055555555556,27.55595238095238
16,25,2,1,1,4,5,6,19.29206349206349,27.516666666666666
16,26,1,1,1,2,2,3,13.360714285714286,27.23690476190476
16,27,1,1,1,2,2,2,13.03888888888889,27.03214285714286
16,28,2,1,1,4,5,6,19.29206349206349,27.516666666666666
16,29,1,1,1,1,2,3,12.09186507936508,26.81547619047619
16,30,1,1,7,4,3,3,21.893055555555556,27.55595238095238
16,31,1,1,1,2,2,2,13.03888888888889,27.03214285714286
16,32,1,1,1,1,2,3,12.09186507936508,26.81547619047619
16,33,1,1,7,4,3,3,21.893055555555556,27.55595238095238
16,34,1,1,1,2,2,3,13.360714285714286,27.23690476190476
16,35,1,1,1,1,1,4,11.216468253968253,26.215476190476192
16,36,1,1,1,1,2,3,12.09186507936508,26.81547619047619
16,37,1,1,7,4,3,3,21.893055555555556,27.55595238095238
16,38,2,1,1,4,5,6,19.29206349206349,27.516666666666666
16,39,2,1,1,4,5,6,19.29206349206349,27.516666666666666
16,40,1,1,1,1,2,3,12.09186507936508,26.81547619047619
16,41,1,1,1,2,2,6,13.126785714285713,27.142857142857142
16,42,1,1,1,1,1,4,11.216468253968253,26.215476190476192
16,43,1,1,1,3,3,4,15.21765873015873,27.423809523809524
16,44,1,1,7,4,3,3,21.893055555555556,27.55595238095238
16,45,1,1,7,4,3,3,21.893055555555556,27.55595238095238
16,46,1,1,1,3,3,4,15.21765873015873,27.423809523809524
16,47,1,1,7,4,3,3,21.893055555555556,27.55595238095238
16,48,1,1,1,1,2,3,12.09186507936508,26.81547619047619
16,49,1,1,1,1,1,4,11.216468253968253,26.215476190476192
17,0,1,1,7,4,3,3,21.893055555555556,27.55595238095238
17,1,1,1,7,4,3,3,21.893055555555556,27.55595238095238
17,2,1,1,1,1,1,4,11.216468253968253,26.215476190476192
17,3,1,1,1,1,1,4,11.216468253968253,26.215476190476192
17,4,1,1,1,1,1,6,11.258928571428571,26.34404761904762
17,5,1,1,1,1,2,3,12.09186507936508,26.81547619047619
17,6,1,1,1,3,3,4,15.21765873015873,27.423809523809524
17,7,2,1,1,4,4,6,18.09345238095238,27.457142857142856
17,8,2,1,1,4,5,6,19.29206349206349,27.516666666666666
17,9,1,1,1,1,2,3,12.09186507936508,26.81547619047619
17,10,1,1,1,2,2,3,13.360714285714286,27.23690476190476
17,11,2,1,1,3,2,8,15.072817460317461,27.266666666666666
17,12,1,1,1,2,2,2,13.03888888888889,27.03214285714286
17,13,1,1,1,2,2,2,13.03888888888889,27.03214285714286
17,14,2,1,1,4,5,6,19.29206349206349,27.516666666666666
17,15,2,1,1,4,4,6,18.09345238095238,27.457142857142856
17,16,1,1,1,3,3,1,15.139285714285714,27.31190476190476
17,17,1,1,1,2,2,6,13.126785714285713,27.142857142857142
17,18,1,1,1,2,2,4,13.27797619047619,27.173809523809524
17,19,1,1,1,3,3,4,15.21765873015873,27.423809523809524
17,20,1,1,1,2,2,6,13.126785714285713,27.142857142857142
17,21,1,1,1,2,2,4,13.27797619047619,27.173809523809524
17,22,1,1,1,2,2,3,13.360714285714286,27.23690476190476
17,23,2,1,1,3,2,8,15.072817460317461,27.266666666666666
17,24,1,1,1,3,3,4,15.21765873015873,27.423809523809524
17,25,1,1,1,1,2,3,12.09186507936508,26.81547619047619
17,26,1,1,1,1,2,3,12.09186507936508,26.81547619047619
17,27,1,1,7,4,3,3,21.893055555555556,27.55595238095238
17,28,1,1,7,4,3,3,21.893055555555556,27.55595238095238
17,29,1,1,1,2,2,3,13.360714285714286,27.23690476190476
17,30,1,1,7,4,3,3,21.893055555555556,27.55595238095238
17,31,2,1,1,4,5,6,19.29206349206349,27.516666666666666
17,32,1,1,1,1,2,3,12.09186507936508,26.81547619047619
17,33,1,1,1,2,2,4,13.27797619047619,27.173809523809524
17,34,2,1,1,4,5,6,19.29206349206349,27.516666666666666
17,35,1,1,1,1,2,3,12.09186507936508,26.81547619047619
17,36,1,1,1,1,2,3,12.09186507936508,26.81547619047619
17,37,1,1,1,3,3,4,15.21765873015873,27.423809523809524
17,38,1,1,1,2,2,3,13.360714285714286,27.23690476190476
17,39,1,1,1,2,2,2,13.03888888888889,27.03214285714286
17,40,1,1,7,4,3,3,21.893055555555556,27.55595238095238
17,41,1,1,1,2,2,6,13.126785714285713,27.142857142857142
17,42,1,1,1,1,1,4,11.216468253968253,26.215476190476192
17,43,2,1,1,4,5,6,19.29206349206349,27.516666666666666
17,44,1,1,1,1,1,4,11.216468253968253,26.215476190476192
17,45,2,1,1,4,5,6,19.29206349206349,27.516666666666666
17,46,1,1,7,4,3,3,21.893055555555556,27.55595238095238
17,47,2,1,1,4,5,6,19.29206349206349,27.516666666666666
17,48,2,1,1,4,5,6,19.29206349206349,27.516666666666666
17,49,1,1,1,2,2,2,13.03888888888889,27.03214285714286
18,0,1,1,1,1,1,4,11.216468253968253,26.215476190476192
18,1,1,1,7,4,3,3,21.893055555555556,27.55595238095238
18,2,1,1,1,1,1,4,11.216468253968253,26.215476190476192
18,3,1,1,7,4,3,3,21.893055555555556,27.55595238095238
18,4,1,1,1,1,2,3,12.09186507936508,26.81547619047619
18,5,1,1,1,1,1,6,11.258928571428571,26.34404761904762
18,6,1,1,1,3,3,4,15.21765873015873,27.423809523809524
18,7,2,1,1,4,4,6,18.09345238095238,27.457142857142856
18,8,2,1,1,4,5,6,19.29206349206349,27.516666666666666
18,9,1,1,1,1,2,3,12.09186507936508,26.81547619047619
18,10,1,1,1,2,2,3,13.360714285714286,27.23690476190476
18,11,2,1,1,3,2,8,15.072817460317461,27.266666666666666
18,12,1,1,1,1,1,6,11.258928571428571,26.34404761904762
18,13,1,1,1,2,2,2,13.03888888888889,27.03214285714286
18,14,1,1,1,2,2,2,13.03888888888889,27.03214285714286
18,15,2,1,1,4,5,6,19.29206349206349,27.516666666666666
18,16,2,1,1,4,4,6,18.09345238095238,27.457142857142856
18,17,1,1,1,3,3,1,15.139285714285714,27.31190476190476
18,18,1,1,1,2,2,6,13.126785714285713,27.142857142857142
18,19,1,1,1,2,2,4,13.27797619047619,27.173809523809524
18,20,1,1,1,3,3,4,15.21765873015873,27.423809523809524
18,21,1,1,1,2,2,6,13.126785714285713,27.142857142857142
18,22,1,1,1,2,2,4,13.27797619047619,27.173809523809524
18,23,1,1,1,2,2,3,13.360714285714286,27.23690476190476
18,24,2,1,1,3,2,8,15.072817460317461,27.266666666666666
18,25,1,1,1,1,1,6,11.258928571428571,26.34404761904762
18,26,1,1,1,1,1,4,11.216468253968253,26.215476190476192
18,27,1,1,7,4,3,3,21.893055555555556,27.55595238095238
18,28,1,1,7,4,3,3,21.893055555555556,27.55595238095238
18,29,2,1,1,4,5,6,19.29206349206349,27.516666666666666
18,30,2,1,1,4,5,6,19.29206349206349,27.516666666666666
18,31,1,1,7,4,3,3,21.893055555555556,27.55595238095238
18,32,1,1,1,1,2,3,12.09186507936508,26.81547619047619
18,33,1,1,1,3,3,4,15.21765873015873,27.423809523809524
18,34,1,1,1,2,2,3,13.360714285714286,27.23690476190476
18,35,2,1,1,4,5,6,19.29206349206349,27.516666666666666
18,36,1,1,1,2,2,6,13.126785714285713,27.142857142857142
18,37,1,1,1,2,2,3,13.360714285714286,27.23690476190476
18,38,2,1,1,4,5,6,19.29206349206349,27.516666666666666
18,39,1,1,1,1,1,4,11.216468253968253,26.215476190476192
18,40,1,1,1,2,2,6,13.126785714285713,27.142857142857142
18,41,1,1,1,1,2,3,12.09186507936508,26.81547619047619
18,42,1,1,7,4,3,3,21.893055555555556,27.55595238095238
18,43,1,1,1,2,2,6,13.126785714285713,27.142857142857142
18,44,2,1,1,3,2,8,15.072817460317461,27.266666666666666
18,45,2,1,1,4,4,6,18.09345238095238,27.457142857142856
18,46,1,1,7,4,3,3,21.893055555555556,27.55595238095238
18,47,2,1,1,4,5,6,19.29206349206349,27.516666666666666
18,48,1,1,1,1,1,4,11.216468253968253,26.215476190476192
18,49,2,1,1,4,5,6,19.29206349206349,27.516666666666666
19,0,1,1,1,1,1,2,11.141468253968254,26.28690476190476
19,1,1,1,7,4,3,3,21.893055555555556,27.55595238095238
19,2,1,1,7,4,3,3,21.893055555555556,27.55595238095238
19,3,1,1,1,1,2,3,12.09186507936508,26.81547619047619
19,4,2,1,1,1,1,4,12.084126984126984,26.34642857142857
19,5,1,1,1,3,3,4,15.21765873015873,27.423809523809524
19,6,2,1,1,4,4,6,18.09345238095238,27.457142857142856
19,7,2,1,1,4,5,6,19.29206349206349,27.516666666666666
19,8,1,1,1,3,2,9,14.206349206349207,27.264285714285716
19,9,1,1,1,2,2,2,13.03888888888889,27.03214285714286
19,10,1,1,1,2,2,2,13.03888888888889,27.03214285714286
19,11,1,1,1,1,2,3,12.09186507936508,26.81547619047619
19,12,2,1,1,4,5,6,19.29206349206349,27.516666666666666
19,13,2,1,1,4,4,6,18.09345238095238,27.457142857142856
19,14,1,1,1,2,2,3,13.360714285714286,27.23690476190476
19,15,1,1,1,1,1,6,11.258928571428571,26.34404761904762
19,16,2,1,1,3,2,8,15.072817460317461,27.266666666666666
19,17,1,1,1,2,2,6,13.126785714285713,27.142857142857142
19,18,1,1,1,3,3,1,15.139285714285714,27.31190476190476
19,19,1,1,1,2,2,4,13.27797619047619,27.173809523809524
19,20,1,1,1,3,3,1,15.139285714285714,27.31190476190476
19,21,1,1,1,3,3,4,15.21765873015873,27.423809523809524
19,22,1,1,1,2,2,6,13.126785714285713,27.142857142857142
19,23,1,1,1,2,2,4,13.27797619047619,27.173809523809524
19,24,1,1,1,2,2,3,13.360714285714286,27.23690476190476
19,25,1,1,1,1,1,6,11.258928571428571,26.34404761904762
19,26,2,1,1,3,2,8,15.072817460317461,27.266666666666666
19,27,2,1,1,4,5,6,19.29206349206349,27.516666666666666
19,28,2,1,1,3,2,8,15.072817460317461,27.266666666666666
19,29,1,1,7,4,3,3,21.893055555555556,27.55595238095238
19,30,2,1,1,4,5,6,19.29206349206349,27.516666666666666
19,31,2,1,1,4,5,6,19.29206349206349,27.516666666666666
19,32,1,1,1,1,1,6,11.258928571428571,26.34404761904762
19,33,2,1,1,4,5,6,19.29206349206349,27.516666666666666
19,34,1,1,1,2,2,2,13.03888888888889,27.03214285714286
19,35,1,1,7,4,3,3,21.893055555555556,27.55595238095238
19,36,1,1,1,2,2,3,13.360714285714286,27.23690476190476
19,37,1,1,1,2,2,6,13.126785714285713,27.142857142857142
19,38,1,1,1,3,3,4,15.21765873015873,27.423809523809524
19,39,1,1,1,2,2,6,13.126785714285713,27.142857142857142
19,40,2,1,1,4,4,6,18.09345238095238,27.457142857142856
19,41,2,1,1,4,5,6,19.29206349206349,27.516666666666666
19,42,2,1,1,4,5,6,19.29206349206349,27.516666666666666
19,43,1,1,7,4,3,3,21.893055555555556,27.55595238095238
19,44,1,1,1,1,1,6,11.258928571428571,26.34404761904762
19,45,1,1,7,4,3,3,21.893055555555556,27.55595238095238
19,46,1,1,7,4,3,3,21.893055555555556,27.55595238095238
19,47,1,1,1,2,2,6,13.126785714285713,27.142857142857142
19,48,1,1,1,2,2,6,13.126785714285713,27.142857142857142
19,49,1,1,1,1,2,3,12.09186507936508,26.81547619047619
20,0,1,1,1,1,1,2,11.141468253968254,26.28690476190476
20,1,1,1,6,4,4,3,21.932738095238097,27.604761904761904
20,2,1,1,1,1,1,2,11.141468253968254,26.28690476190476
20,3,1,1,1,1,2,3,12.09186507936508,26.81547619047619
20,4,2,1,1,1,1,4,12.084126984126984,26.34642857142857
20,5,1,1,1,3,3,4,15.21765873015873,27.423809523809524
20,6,2,1,1,4,4,6,18.09345238095238,27.457142857142856
20,7,2,1,1,4,5,6,19.29206349206349,27.516666666666666
20,8,1,1,7,4,3,3,21.893055555555556,27.55595238095238
20,9,1,1,1,2,2,2,13.03888888888889,27.03214285714286
20,10,1,1,1,2,2,2,13.03888888888889,27.03214285714286
20,11,1,1,1,1,2,3,12.09186507936508,26.81547619047619
20,12,2,1,1,4,5,6,19.29206349206349,27.516666666666666
20,13,2,1,1,4,4,6,18.09345238095238,27.457142857142856
20,14,1,1,1,2,2,3,13.360714285714286,27.23690476190476
20,15,1,1,1,1,1,6,11.258928571428571,26.34404761904762
20,16,1,1,1,3,2,9,14.206349206349207,27.264285714285716
20,17,1,1,1,2,2,6,13.126785714285713,27.142857142857142
20,18,2,1,1,3,2,8,15.072817460317461,27.266666666666666
20,19,1,1,1,3,3,1,15.139285714285714,27.31190476190476
20,20,1,1,1,3,2,9,14.206349206349207,27.264285714285716
20,21,1,1,1,2,2,4,13.27797619047619,27.173809523809524
20,22,1,1,1,4,2,2,15.12718253968254,27.276190476190475
20,23,1,1,1,3,3,1,15.139285714285714,27.31190476190476
20,24,1,1,7,4,3,3,21.893055555555556,27.55595238095238
20,25,1,1,1,3,3,4,15.21765873015873,27.423809523809524
20,26,1,1,1,2,2,6,13.126785714285713,27.142857142857142
20,27,1,1,1,2,2,4,13.27797619047619,27.173809523809524
20,28,1,1,1,2,2,3,13.360714285714286,27.23690476190476
20,29,1,1,1,1,1,6,11.258928571428571,26.34404761904762
20,30,2,1,1,3,2,8,15.072817460317461,27.266666666666666
20,31,2,1,1,4,5,6,19.29206349206349,27.516666666666666
20,32,1,1,1,2,2,3,13.360714285714286,27.23690476190476
20,33,1,1,1,1,1,6,11.258928571428571,26.34404761904762
20,34,2,1,1,4,5,6,19.29206349206349,27.516666666666666
20,35,2,1,1,4,4,6,18.09345238095238,27.457142857142856
20,36,1,1,1,2,2,3,13.360714285714286,27.23690476190476
20,37,1,1,1,2,2,4,13.27797619047619,27.173809523809524
20,38,1,1,7,4,3,3,21.893055555555556,27.55595238095238
20,39,1,1,1,1,2,3,12.09186507936508,26.81547619047619
20,40,1,1,1,2,2,6,13.126785714285713,27.142857142857142
20,41,1,1,1,2,2,6,13.126785714285713,27.142857142857142
20,42,1,1,1,3,3,1,15.139285714285714,27.31190476190476
20,43,1,1,7,4,3,3,21.893055555555556,27.55595238095238
20,44,1,1,1,3,2,9,14.206349206349207,27.264285714285716
20,45,1,1,1,2,2,2,13.03888888888889,27.03214285714286
20,46,2,1,1,3,2,8,15.072817460317461,27.266666666666666
20,47,2,1,1,4,5,6,19.29206349206349,27.516666666666666
20,48,1,1,1,3,3,4,15.21765873015873,27.423809523809524
20,49,1,1,7,4,3,3,21.893055555555556,27.55595238095238
21,0,1,1,6,4,4,3,21.932738095238097,27.604761904761904
21,1,1,1,1,1,1,2,11.141468253968254,26.28690476190476
21,2,1,1,1,1,1,2,11.141468253968254,26.28690476190476
21,3,1,1,1,1,2,3,12.09186507936508,26.81547619047619
21,4,2,1,1,1,1,4,12.084126984126984,26.34642857142857
21,5,1,1,1,3,3,4,15.21765873015873,27.423809523809524
21,6,2,1,1,4,4,6,18.09345238095238,27.457142857142856
21,7,2,1,1,4,5,6,19.29206349206349,27.516666666666666
21,8,1,1,7,4,3,3,21.893055555555556,27.55595238095238
21,9,1,1,1,2,2,2,13.03888888888889,27.03214285714286
21,10,1,1,1,2,2,2,13.03888888888889,27.03214285714286
21,11,1,1,1,1,2,3,12.09186507936508,26.81547619047619
21,12,2,1,1,4,5,6,19.29206349206349,27.516666666666666
21,13,2,1,1,4,4,6,18.09345238095238,27.457142857142856
21,14,1,1,1,2,2,3,13.360714285714286,27.23690476190476
21,15,1,1,1,1,1,6,11.258928571428571,26.34404761904762
21,16,1,1,1,3,2,9,14.206349206349207,27.264285714285716
21,17,1,1,1,2,2,6,13.126785714285713,27.142857142857142
21,18,2,1,1,3,2,8,15.072817460317461,27.266666666666666
21,19,1,1,1,3,3,1,15.139285714285714,27.31190476190476
21,20,1,1,1,3,2,9,14.206349206349207,27.264285714285716
21,21,1,1,1,2,2,4,13.27797619047619,27.173809523809524
21,22,1,1,1,4,2,2,15.12718253968254,27.276190476190475
21,23,1,1,1,3,3,1,15.139285714285714,27.31190476190476
21,24,1,1,7,4,3,3,21.893055555555556,27.55595238095238
21,25,1,1,1,3,3,4,15.21765873015873,27.423809523809524
21,26,1,1,1,2,2,6,13.126785714285713,27.142857142857142
21,27,1,1,1,2,2,4,13.27797619047619,27.173809523809524
21,28,1,1,1,2,2,3,13.360714285714286,27.23690476190476
21,29,1,1,1,1,1,6,11.258928571428571,26.34404761904762
21,30,2,1,1,3,2,8,15.072817460317461,27.266666666666666
21,31,2,1,1,1,1,4,12.084126984126984,26.34642857142857
21,32,1,1,1,2,2,4,13.27797619047619,27.173809523809524
21,33,1,1,1,1,2,3,12.09186507936508,26.81547619047619
21,34,1,1,1,2,2,6,13.126785714285713,27.142857142857142
21,35,1,1,1,3,2,9,14.206349206349207,27.264285714285716
21,36,1,1,1,3,3,4,15.21765873015873,27.423809523809524
21,37,1,1,1,2,2,6,13.126785714285713,27.142857142857142
21,38,1,1,1,1,1,6,11.258928571428571,26.34404761904762
21,39,1,1,1,2,2,4,13.27797619047619,27.173809523809524
21,40,2,1,1,4,5,6,19.29206349206349,27.516666666666666
21,41,1,1,7,4,3,3,21.893055555555556,27.55595238095238
21,42,2,1,1,4,5,6,19.29206349206349,27.516666666666666
21,43,1,1,1,2,2,2,13.03888888888889,27.03214285714286
21,44,1,1,1,2,2,3,13.360714285714286,27.23690476190476
21,45,1,1,1,3,2,9,14.206349206349207,27.264285714285716
21,46,1,1,1,2,2,3,13.360714285714286,27.23690476190476
21,47,1,1,1,1,2,3,12.09186507936508,26.81547619047619
21,48,1,1,1,2,2,6,13.126785714285713,27.142857142857142
21,49,1,1,1,3,3,4,15.21765873015873,27.423809523809524
22,0,1,1,1,1,1,2,11.141468253968254,26.28690476190476
22,1,1,1,6,4,4,3,21.932738095238097,27.604761904761904
22,2,1,1,6,4,4,3,21.932738095238097,27.604761904761904
22,3,1,1,1,1,1,2,11.141468253968254,26.28690476190476
22,4,1,1,1,1,2,9,12.04186507936508,26.617857142857144
22,5,1,1,1,3,3,4,15.21765873015873,27.423809523809524
22,6,2,1,1,4,4,6,18.09345238095238,27.457142857142856
22,7,2,1,1,4,5,6,19.29206349206349,27.516666666666666
22,8,1,1,7,4,3,3,21.893055555555556,27.55595238095238
22,9,1,1,1,1,2,3,12.09186507936508,26.81547619047619
22,10,1,1,1,1,1,6,11.258928571428571,26.34404761904762
22,11,1,1,1,2,2,2,13.03888888888889,27.03214285714286
22,12,1,1,1,2,2,2,13.03888888888889,27.03214285714286
22,13,1,1,1,1,2,3,12.09186507936508,26.81547619047619
22,14,2,1,1,4,5,6,19.29206349206349,27.516666666666666
22,15,2,1,1,4,4,6,18.09345238095238,27.457142857142856
22,16,1,1,1,2,2,3,13.360714285714286,27.23690476190476
22,17,1,1,1,1,1,6,11.258928571428571,26.34404761904762
22,18,1,1,1,3,2,9,14.206349206349207,27.264285714285716
22,19,1,1,1,2,2,6,13.126785714285713,27.142857142857142
22,20,2,1,1,3,2,8,15.072817460317461,27.266666666666666
22,21,1,1,1,3,3,1,15.139285714285714,27.31190476190476
22,22,1,1,1,3,2,9,14.206349206349207,27.264285714285716
22,23,1,1,1,2,2,4,13.27797619047619,27.173809523809524
22,24,1,1,1,4,2,2,15.12718253968254,27.276190476190475
22,25,1,1,1,3,3,1,15.139285714285714,27.31190476190476
22,26,1,1,7,4,3,3,21.893055555555556,27.55595238095238
22,27,1,1,1,3,3,4,15.21765873015873,27.423809523809524
22,28,1,1,1,2,2,6,13.126785714285713,27.142857142857142
22,29,1,1,1,2,2,4,13.27797619047619,27.173809523809524
22,30,1,1,1,2,2,3,13.360714285714286,27.23690476190476
22,31,2,1,1,3,2,8,15.072817460317461,27.266666666666666
22,32,1,1,1,2,2,3,13.360714285714286,27.23690476190476
22,33,1,1,1,1,2,3,12.09186507936508,26.81547619047619
22,34,1,1,1,3,2,9,14.206349206349207,27.264285714285716
22,35,1,1,1,1,2,3,12.09186507936508,26.81547619047619
22,36,1,1,1,2,2,6,13.126785714285713,27.142857142857142
22,37,1,1,1,2,2,3,13.360714285714286,27.23690476190476
22,38,1,1,1,3,3,4,15.21765873015873,27.423809523809524
22,39,1,1,1,2,2,3,13.360714285714286,27.23690476190476
22,40,2,1,1,4,4,6,18.09345238095238,27.457142857142856
22,41,1,1,1,1,1,6,11.258928571428571,26.34404761904762
22,42,1,1,1,3,2,9,14.206349206349207,27.264285714285716
22,43,1,1,1,2,2,3,13.360714285714286,27.23690476190476
22,44,1,1,1,1,1,6,11.258928571428571,26.34404761904762
22,45,1,1,1,2,2,4,13.27797619047619,27.173809523809524
22,46,1,1,1,2,2,6,13.126785714285713,27.142857142857142
22,47,2,1,1,4,4,6,18.09345238095238,27.457142857142856
22,48,1,1,1,3,3,4,15.21765873015873,27.423809523809524
22,49,1,1,1,3,2,9,14.206349206349207,27.264285714285716
23,0,1,1,1,1,1,2,11.141468253968254,26.28690476190476
23,1,1,1,1,1,1,2,11.141468253968254,26.28690476190476
23,2,1,1,6,4,4,3,21.932738095238097,27.604761904761904
23,3,1,1,6,4,4,3,21.932738095238097,27.604761904761904
23,4,1,1,1,3,3,4,15.21765873015873,27.423809523809524
23,5,2,1,1,4,4,6,18.09345238095238,27.457142857142856
23,6,2,1,1,4,5,6,19.29206349206349,27.516666666666666
23,7,1,1,7,4,3,3,21.893055555555556,27.55595238095238
23,8,1,1,1,1,2,3,12.09186507936508,26.81547619047619
23,9,1,1,1,1,2,9,12.04186507936508,26.617857142857144
23,10,1,1,1,1,1,6,11.258928571428571,26.34404761904762
23,11,1,1,1,1,2,9,12.04186507936508,26.617857142857144
23,12,1,1,1,2,2,2,13.03888888888889,27.03214285714286
23,13,1,1,1,2,2,2,13.03888888888889,27.03214285714286
23,14,1,1,1,1,2,3,12.09186507936508,26.81547619047619
23,15,2,1,1,4,5,6,19.29206349206349,27.516666666666666
23,16,2,1,1,4,4,6,18.09345238095238,27.457142857142856
23,17,1,1,1,2,2,3,13.360714285714286,27.23690476190476
23,18,1,1,1,1,1,6,11.258928571428571,26.34404761904762
23,19,1,1,1,3,2,9,14.206349206349207,27.264285714285716
23,20,1,1,1,2,2,6,13.126785714285713,27.142857142857142
23,21,2,1,1,3,2,8,15.072817460317461,27.266666666666666
23,22,1,1,1,3,3,1,15.139285714285714,27.31190476190476
23,23,1,1,1,3,2,9,14.206349206349207,27.264285714285716
23,24,1,1,1,2,2,4,13.27797619047619,27.173809523809524
23,25,1,1,1,3,3,1,15.139285714285714,27.31190476190476
23,26,1,1,7,4,3,3,21.893055555555556,27.55595238095238
23,27,1,1,1,3,3,4,15.21765873015873,27.423809523809524
23,28,1,1,1,4,2,2,15.12718253968254,27.276190476190475
23,29,1,1,1,2,2,6,13.126785714285713,27.142857142857142
23,30,1,1,1,2,2,4,13.27797619047619,27.173809523809524
23,31,1,1,1,2,2,3,13.360714285714286,27.23690476190476
23,32,1,1,1,4,2,2,15.12718253968254,27.276190476190475
23,33,2,1,1,3,2,8,15.072817460317461,27.266666666666666
23,34,1,1,1,2,2,4,13.27797619047619,27.173809523809524
23,35,1,1,1,1,1,2,11.141468253968254,26.28690476190476
23,36,1,1,1,3,2,9,14.206349206349207,27.264285714285716
23,37,1,1,1,1,2,3,12.09186507936508,26.81547619047619
23,38,1,1,1,2,2,6,13.126785714285713,27.142857142857142
23,39,1,1,1,3,2,9,14.206349206349207,27.264285714285716
23,40,1,1,1,3,3,4,15.21765873015873,27.423809523809524
23,41,1,1,1,2,2,3,13.360714285714286,27.23690476190476
23,42,1,1,1,2,2,3,13.360714285714286,27.23690476190476
23,43,2,1,1,4,4,6,18.09345238095238,27.457142857142856
23,44,2,1,1,4,4,6,18.09345238095238,27.457142857142856
23,45,1,1,1,2,2,6,13.126785714285713,27.142857142857142
23,46,1,1,1,3,2,9,14.206349206349207,27.264285714285716
23,47,1,1,1,2,2,2,13.03888888888889,27.03214285714286
23,48,1,1,1,1,1,6,11.258928571428571,26.34404761904762
23,49,1,1,1,3,2,9,14.206349206349207,27.264285714285716
24,0,1,1,6,4,4,3,21.932738095238097,27.604761904761904
24,1,1,1,1,1,1,2,11.141468253968254,26.28690476190476
24,2,1,1,1,1,1,2,11.141468253968254,26.28690476190476
24,3,1,1,6,4,4,3,21.932738095238097,27.604761904761904
24,4,1,1,1,3,4,9,16.286507936507938,27.44404761904762
24,5,2,1,1,4,5,6,19.29206349206349,27.516666666666666
24,6,1,1,7,4,3,3,21.893055555555556,27.55595238095238
24,7,1,1,1,1,2,3,12.09186507936508,26.81547619047619
24,8,1,1,1,1,2,9,12.04186507936508,26.617857142857144
24,9,1,1,1,1,1,6,11.258928571428571,26.34404761904762
24,10,2,1,1,4,4,6,18.09345238095238,27.457142857142856
24,11,1,1,1,1,2,9,12.04186507936508,26.617857142857144
24,12,1,1,1,3,3,4,15.21765873015873,27.423809523809524
24,13,1,1,1,2,2,2,13.03888888888889,27.03214285714286
24,14,1,1,1,2,2,2,13.03888888888889,27.03214285714286
24,15,1,1,1,1,2,3,12.09186507936508,26.81547619047619
24,16,2,1,1,4,5,6,19.29206349206349,27.516666666666666
24,17,1,1,1,2,2,3,13.360714285714286,27.23690476190476
24,18,2,1,1,4,4,6,18.09345238095238,27.457142857142856
24,19,1,1,1,1,1,6,11.258928571428571,26.34404761904762
24,20,1,1,1,3,2,9,14.206349206349207,27.264285714285716
24,21,1,1,1,2,2,6,13.126785714285713,27.142857142857142
24,22,2,1,1,3,2,8,15.072817460317461,27.266666666666666
24,23,1,1,1,3,3,1,15.139285714285714,27.31190476190476
24,24,1,1,1,3,2,9,14.206349206349207,27.264285714285716
24,25,1,1,1,2,2,4,13.27797619047619,27.173809523809524
24,26,1,1,1,3,3,1,15.139285714285714,27.31190476190476
24,27,1,1,7,4,3,3,21.893055555555556,27.55595238095238
24,28,1,1,1,4,2,2,15.12718253968254,27.276190476190475
24,29,1,1,1,2,2,6,13.126785714285713,27.142857142857142
24,30,1,1,1,2,2,4,13.27797619047619,27.173809523809524
24,31,1,1,1,2,2,3,13.360714285714286,27.23690476190476
24,32,1,1,1,3,3,4,15.21765873015873,27.423809523809524
24,33,1,1,1,4,2,2,15.12718253968254,27.276190476190475
24,34,2,1,1,3,2,8,15.072817460317461,27.266666666666666
24,35,1,1,1,2,2,4,13.27797619047619,27.173809523809524
24,36,1,1,1,2,2,2,13.03888888888889,27.03214285714286
24,37,1,1,1,2,2,4,13.27797619047619,27.173809523809524
24,38,1,1,1,1,1,2,11.141468253968254,26.28690476190476
24,39,1,1,7,4,3,3,21.893055555555556,27.55595238095238
24,40,1,1,1,2,2,6,13.126785714285713,27.142857142857142
24,41,1,1,1,1,2,3,12.09186507936508,26.81547619047619
24,42,1,1,1,1,1,2,11.141468253968254,26.28690476190476
24,43,2,1,1,4,4,6,18.09345238095238,27.457142857142856
24,44,1,1,1,3,2,9,14.206349206349207,27.264285714285716
24,45,1,1,1,3,3,4,15.21765873015873,27.423809523809524
24,46,2,1,1,4,4,6,18.09345238095238,27.457142857142856
24,47,1,1,1,3,3,4,15.21765873015873,27.423809523809524
24,48,1,1,6,4,4,3,21.932738095238097,27.604761904761904
24,49,1,1,6,4,4,3,21.932738095238097,27.604761904761904
25,0,1,1,1,1,1,2,11.141468253968254,26.28690476190476
25,1,1,1,6,4,4,3,21.932738095238097,27.604761904761904
25,2,1,1,1,1,1,2,11.141468253968254,26.28690476190476
25,3,1,1,6,4,4,3,21.932738095238097,27.604761904761904
25,4,1,1,1,3,4,9,16.286507936507938,27.44404761904762
25,5,2,1,1,4,5,6,19.29206349206349,27.516666666666666
25,6,1,1,7,4,3,3,21.893055555555556,27.55595238095238
25,7,1,1,1,1,2,3,12.09186507936508,26.81547619047619
25,8,1,1,1,1,2,9,12.04186507936508,26.617857142857144
25,9,1,1,1,1,1,6,11.258928571428571,26.34404761904762
25,10,2,1,1,4,4,6,18.09345238095238,27.457142857142856
25,11,1,1,1,1,2,9,12.04186507936508,26.617857142857144
25,12,1,1,1,3,3,4,15.21765873015873,27.423809523809524
25,13,1,1,1,2,2,2,13.03888888888889,27.03214285714286
25,14,1,1,1,2,2,2,13.03888888888889,27.03214285714286
25,15,1,1,1,1,2,3,12.09186507936508,26.81547619047619
25,16,2,1,1,4,5,6,19.29206349206349,27.516666666666666
25,17,1,1,1,2,2,3,13.360714285714286,27.23690476190476
25,18,2,1,1,4,4,6,18.09345238095238,27.457142857142856
25,19,1,1,1,1,1,6,11.258928571428571,26.34404761904762
25,20,1,1,1,3,2,9,14.206349206349207,27.264285714285716
25,21,1,1,1,2,2,6,13.126785714285713,27.142857142857142
25,22,2,1,1,3,2,8,15.072817460317461,27.266666666666666
25,23,1,1,1,3,3,1,15.139285714285714,27.31190476190476
25,24,1,1,1,3,2,9,14.206349206349207,27.264285714285716
25,25,1,1,1,2,2,4,13.27797619047619,27.173809523809524
25,26,1,1,1,3,3,1,15.139285714285714,27.31190476190476
25,27,1,1,7,4,3,3,21.893055555555556,27.55595238095238
25,28,1,1,1,4,2,2,15.12718253968254,27.276190476190475
25,29,1,1,1,2,2,6,13.126785714285713,27.142857142857142
25,30,1,1,1,2,2,4,13.27797619047619,27.173809523809524
25,31,1,1,1,2,2,3,13.360714285714286,27.23690476190476
25,32,1,1,1,3,3,4,15.21765873015873,27.423809523809524
25,33,1,1,1,4,2,2,15.12718253968254,27.276190476190475
25,34,2,1,1,3,2,8,15.072817460317461,27.266666666666666
25,35,1,1,6,4,4,3,21.932738095238097,27.604761904761904
25,36,2,1,1,4,4,6,18.09345238095238,27.457142857142856
25,37,1,1,1,1,2,9,12.04186507936508,26.617857142857144
25,38,1,1,6,4,4,3,21.932738095238097,27.604761904761904
25,39,1,1,1,3,3,4,15.21765873015873,27.423809523809524
25,40,1,1,1,1,2,9,12.04186507936508,26.617857142857144
25,41,1,1,1,3,2,9,14.206349206349207,27.264285714285716
25,42,1,1,1,2,2,6,13.126785714285713,27.142857142857142
25,43,1,1,1,3,2,9,14.206349206349207,27.264285714285716
25,44,1,1,1,1,2,3,12.09186507936508,26.81547619047619
25,45,1,1,1,2,2,4,13.27797619047619,27.173809523809524
25,46,1,1,6,4,4,3,21.932738095238097,27.604761904761904
25,47,1,1,6,4,4,3,21.932738095238097,27.604761904761904
25,48,1,1,1,1,1,2,11.141468253968254,26.28690476190476
25,49,1,1,6,4,4,3,21.932738095238097,27.604761904761904
26,0,1,1,6,4,4,3,21.932738095238097,27.604761904761904
26,1,1,1,1,1,1,8,11.132738095238096,26.36904761904762
26,2,1,1,6,4,4,3,21.932738095238097,27.604761904761904
26,3,2,1,1,4,5,6,19.29206349206349,27.516666666666666
26,4,1,1,7,4,3,3,21.893055555555556,27.55595238095238
26,5,1,1,1,1,2,3,12.09186507936508,26.81547619047619
26,6,1,1,1,1,2,9,12.04186507936508,26.617857142857144
26,7,2,1,1,4,4,6,18.09345238095238,27.457142857142856
26,8,1,1,1,1,2,9,12.04186507936508,26.617857142857144
26,9,1,1,1,3,3,4,15.21765873015873,27.423809523809524
26,10,1,1,1,3,4,9,16.286507936507938,27.44404761904762
26,11,1,1,1,2,2,2,13.03888888888889,27.03214285714286
26,12,1,1,1,1,2,3,12.09186507936508,26.81547619047619
26,13,1,1,1,2,2,2,13.03888888888889,27.03214285714286
26,14,2,1,1,4,5,6,19.29206349206349,27.516666666666666
26,15,1,1,1,2,2,3,13.360714285714286,27.23690476190476
26,16,2,1,1,4,4,6,18.09345238095238,27.457142857142856
26,17,1,1,1,3,4,9,16.286507936507938,27.44404761904762
26,18,1,1,1,2,2,6,13.126785714285713,27.142857142857142
26,19,1,1,1,3,2,9,14.206349206349207,27.264285714285716
26,20,1,1,1,3,3,1,15.139285714285714,27.31190476190476
26,21,2,1,1,3,2,8,15.072817460317461,27.266666666666666
26,22,1,1,1,3,2,9,14.206349206349207,27.264285714285716
26,23,1,1,1,2,2,4,13.27797619047619,27.173809523809524
26,24,1,1,1,3,3,1,15.139285714285714,27.31190476190476
26,25,1,1,7,4,3,3,21.893055555555556,27.55595238095238
26,26,1,1,1,4,2,2,15.12718253968254,27.276190476190475
26,27,1,1,1,2,2,6,13.126785714285713,27.142857142857142
26,28,1,1,1,2,2,4,13.27797619047619,27.173809523809524
26,29,1,1,1,2,2,3,13.360714285714286,27.23690476190476
26,30,1,1,1,3,3,4,15.21765873015873,27.423809523809524
26,31,1,1,1,4,2,2,15.12718253968254,27.276190476190475
26,32,2,1,1,3,2,8,15.072817460317461,27.266666666666666
26,33,1,1,1,3,2,9,14.206349206349207,27.264285714285716
26,34,2,1,1,4,4,6,18.09345238095238,27.457142857142856
26,35,2,1,1,4,4,6,18.09345238095238,27.457142857142856
26,36,2,1,1,4,4,6,18.09345238095238,27.457142857142856
26,37,1,1,6,4,4,3,21.932738095238097,27.604761904761904
26,38,1,1,6,4,4,3,21.932738095238097,27.604761904761904
26,39,1,1,1,3,2,9,14.206349206349207,27.264285714285716
26,40,1,1,1,3,3,4,15.21765873015873,27.423809523809524
26,41,1,1,6,4,4,3,21.932738095238097,27.604761904761904
26,42,2,1,1,4,4,6,18.09345238095238,27.457142857142856
26,43,1,1,1,2,2,3,13.360714285714286,27.23690476190476
26,44,1,1,1,3,2,9,14.206349206349207,27.264285714285716
26,45,2,1,1,4,4,6,18.09345238095238,27.457142857142856
26,46,1,1,1,1,2,9,12.04186507936508,26.617857142857144
26,47,1,1,1,1,2,3,12.09186507936508,26.81547619047619
26,48,1,1,1,2,2,6,13.126785714285713,27.142857142857142
26,49,1,1,1,1,2,9,12.04186507936508,26.617857142857144
27,0,1,1,1,1,1,8,11.132738095238096,26.36904761904762
27,1,1,1,1,1,1,8,11.132738095238096,26.36904761904762
27,2,1,1,6,4,4,3,21.932738095238097,27.604761904761904
27,3,1,1,6,4,4,3,21.932738095238097,27.604761904761904
27,4,2,1,1,4,5,6,19.29206349206349,27.516666666666666
27,5,1,1,7,4,3,3,21.893055555555556,27.55595238095238
27,6,1,1,1,1,2,3,12.09186507936508,26.81547619047619
27,7,1,1,1,1,2,9,12.04186507936508,26.617857142857144
27,8,2,1,1,4,4,6,18.09345238095238,27.457142857142856
27,9,1,1,1,1,2,9,12.04186507936508,26.617857142857144
27,10,1,1,1,3,3,4,15.21765873015873,27.423809523809524
27,11,1,1,1,3,4,9,16.286507936507938,27.44404761904762
27,12,1,1,1,2,2,2,13.03888888888889,27.03214285714286
27,13,1,1,1,1,2,3,12.09186507936508,26.81547619047619
27,14,1,1,1,2,2,2,13.03888888888889,27.03214285714286
27,15,2,1,1,4,5,6,19.29206349206349,27.516666666666666
27,16,1,1,1,2,2,3,13.360714285714286,27.23690476190476
27,17,2,1,1,4,4,6,18.09345238095238,27.457142857142856
27,18,1,1,1,3,4,9,16.286507936507938,27.44404761904762
27,19,1,1,1,2,2,6,13.126785714285713,27.142857142857142
27,20,1,1,1,3,2,9,14.206349206349207,27.264285714285716
27,21,1,1,1,3,3,1,15.139285714285714,27.31190476190476
27,22,2,1,1,3,2,8,15.072817460317461,27.266666666666666
27,23,1,1,1,3,2,9,14.206349206349207,27.264285714285716
27,24,1,1,1,2,2,4,13.27797619047619,27.173809523809524
27,25,1,1,1,3,3,1,15.139285714285714,27.31190476190476
27,26,1,1,7,4,3,3,21.893055555555556,27.55595238095238
27,27,1,1,1,4,2,2,15.12718253968254,27.276190476190475
27,28,1,1,1,2,2,6,13.126785714285713,27.142857142857142
27,29,1,1,1,2,2,4,13.27797619047619,27.173809523809524
27,30,1,1,1,2,2,3,13.360714285714286,27.23690476190476
27,31,1,1,1,3,3,4,15.21765873015873,27.423809523809524
27,32,1,1,1,4,2,2,15.12718253968254,27.276190476190475
27,33,2,1,1,3,2,8,15.072817460317461,27.266666666666666
27,34,1,1,6,4,4,3,21.932738095238097,27.604761904761904
27,35,1,1,1,3,2,9,14.206349206349207,27.264285714285716
27,36,2,1,1,4,4,6,18.09345238095238,27.457142857142856
27,37,1,1,1,2,2,6,13.126785714285713,27.142857142857142
27,38,1,1,1,3,3,4,15.21765873015873,27.423809523809524
27,39,1,1,1,1,2,9,12.04186507936508,26.617857142857144
27,40,1,1,1,1,2,3,12.09186507936508,26.81547619047619
27,41,1,1,1,2,2,6,13.126785714285713,27.142857142857142
27,42,2,1,1,4,4,6,18.09345238095238,27.457142857142856
27,43,1,1,1,2,2,4,13.27797619047619,27.173809523809524
27,44,2,1,1,4,4,6,18.09345238095238,27.457142857142856
27,45,1,1,1,2,2,6,13.126785714285713,27.142857142857142
27,46,1,1,6,4,4,3,21.932738095238097,27.604761904761904
27,47,2,1,1,4,4,6,18.09345238095238,27.457142857142856
27,48,1,1,1,2,2,4,13.27797619047619,27.173809523809524
27,49,1,1,1,2,2,3,13.360714285714286,27.23690476190476
28,0,1,1,6,4,4,3,21.932738095238097,27.604761904761904
28,1,1,1,1,1,1,8,11.132738095238096,26.36904761904762
28,2,1,1,6,4,4,3,21.932738095238097,27.604761904761904
28,3,1,1,1,1,1,8,11.132738095238096,26.36904761904762
28,4,2,1,1,4,5,6,19.29206349206349,27.516666666666666
28,5,1,1,7,4,3,3,21.893055555555556,27.55595238095238
28,6,1,1,1,1,2,3,12.09186507936508,26.81547619047619
28,7,1,1,1,1,2,9,12.04186507936508,26.617857142857144
28,8,2,1,1,4,4,6,18.09345238095238,27.457142857142856
28,9,1,1,1,1,2,9,12.04186507936508,26.617857142857144
28,10,1,1,1,3,3,4,15.21765873015873,27.423809523809524
28,11,1,1,1,3,4,9,16.286507936507938,27.44404761904762
28,12,1,1,1,2,2,2,13.03888888888889,27.03214285714286
28,13,1,1,1,1,2,3,12.09186507936508,26.81547619047619
28,14,1,1,1,2,2,2,13.03888888888889,27.03214285714286
28,15,2,1,1,4,5,6,19.29206349206349,27.516666666666666
28,16,1,1,1,2,2,3,13.360714285714286,27.23690476190476
28,17,2,1,1,4,4,6,18.09345238095238,27.457142857142856
28,18,1,1,1,3,4,9,16.286507936507938,27.44404761904762
28,19,1,1,1,2,2,6,13.126785714285713,27.142857142857142
28,20,1,1,1,3,2,9,14.206349206349207,27.264285714285716
28,21,1,1,1,3,3,1,15.139285714285714,27.31190476190476
28,22,2,1,1,3,2,8,15.072817460317461,27.266666666666666
28,23,1,1,1,3,2,9,14.206349206349207,27.264285714285716
28,24,1,1,1,2,2,4,13.27797619047619,27.173809523809524
28,25,1,1,1,3,3,1,15.139285714285714,27.31190476190476
28,26,1,1,7,4,3,3,21.893055555555556,27.55595238095238
28,27,1,1,1,4,2,2,15.12718253968254,27.276190476190475
28,28,1,1,1,2,2,6,13.126785714285713,27.142857142857142
28,29,1,1,1,2,2,4,13.27797619047619,27.173809523809524
28,30,1,1,1,2,2,3,13.360714285714286,27.23690476190476
28,31,1,1,1,3,3,4,15.21765873015873,27.423809523809524
28,32,1,1,1,4,2,2,15.12718253968254,27.276190476190475
28,33,2,1,1,3,2,8,15.072817460317461,27.266666666666666
28,34,1,1,6,4,4,3,21.932738095238097,27.604761904761904
28,35,1,1,1,1,2,3,12.09186507936508,26.81547619047619
28,36,2,1,1,4,4,6,18.09345238095238,27.457142857142856
28,37,1,1,1,2,2,6,13.126785714285713,27.142857142857142
28,38,1,1,1,2,2,4,13.27797619047619,27.173809523809524
28,39,1,1,1,1,2,3,12.09186507936508,26.81547619047619
28,40,2,1,1,4,5,6,19.29206349206349,27.516666666666666
28,41,1,1,7,4,3,3,21.893055555555556,27.55595238095238
28,42,1,1,1,1,1,8,11.132738095238096,26.36904761904762
28,43,1,1,1,1,2,3,12.09186507936508,26.81547619047619
28,44,1,1,1,4,2,2,15.12718253968254,27.276190476190475
28,45,1,1,1,2,2,6,13.126785714285713,27.142857142857142
28,46,1,1,1,2,2,4,13.27797619047619,27.173809523809524
28,47,1,1,6,4,4,3,21.932738095238097,27.604761904761904
28,48,2,1,1,4,4,6,18.09345238095238,27.457142857142856
28,49,1,1,1,2,2,3,13.360714285714286,27.23690476190476
29,0,1,1,1,1,1,8,11.132738095238096,26.36904761904762
29,1,1,1,6,4,4,3,21.932738095238097,27.604761904761904
29,2,1,1,6,4,4,3,21.932738095238097,27.604761904761904
29,3,1,1,1,1,1,8,11.132738095238096,26.36904761904762
29,4,2,1,1,4,5,6,19.29206349206349,27.516666666666666
29,5,1,1,7,4,3,3,21.893055555555556,27.55595238095238
29,6,1,1,1,1,2,3,12.09186507936508,26.81547619047619
29,7,1,1,1,1,2,9,12.04186507936508,26.617857142857144
29,8,2,1,1,4,4,6,18.09345238095238,27.457142857142856
29,9,1,1,1,1,2,9,12.04186507936508,26.617857142857144
29,10,1,1,1,3,3,4,15.21765873015873,27.423809523809524
29,11,1,1,1,3,4,9,16.286507936507938,27.44404761904762
29,12,1,1,1,2,2,2,13.03888888888889,27.03214285714286
29,13,1,1,1,1,2,3,12.09186507936508,26.81547619047619
29,14,1,1,1,2,2,2,13.03888888888889,27.03214285714286
29,15,2,1,1,4,5,6,19.29206349206349,27.516666666666666
29,16,1,1,1,2,2,3,13.360714285714286,27.23690476190476
29,17,2,1,1,4,4,6,18.09345238095238,27.457142857142856
29,18,1,1,1,3,4,9,16.286507936507938,27.44404761904762
29,19,1,1,1,2,2,6,13.126785714285713,27.142857142857142
29,20,1,1,1,3,2,9,14.206349206349207,27.264285714285716
29,21,1,1,1,3,3,1,15.139285714285714,27.31190476190476
29,22,2,1,1,3,2,8,15.072817460317461,27.266666666666666
29,23,1,1,1,3,2,9,14.206349206349207,27.264285714285716
29,24,1,1,1,2,2,4,13.27797619047619,27.173809523809524
29,25,1,1,1,3,3,1,15.139285714285714,27.31190476190476
29,26,1,1,7,4,3,3,21.893055555555556,27.55595238095238
29,27,1,1,1,4,2,2,15.12718253968254,27.276190476190475
29,28,1,1,1,2,2,6,13.126785714285713,27.142857142857142
29,29,1,1,1,2,2,4,13.27797619047619,27.173809523809524
29,30,1,1,1,2,2,3,13.360714285714286,27.23690476190476
29,31,1,1,1,3,3,4,15.21765873015873,27.423809523809524
29,32,1,1,1,4,2,2,15.12718253968254,27.276190476190475
29,33,2,1,1,3,2,8,15.072817460317461,27.266666666666666
29,34,1,1,1,3,3,4,15.21765873015873,27.423809523809524
29,35,1,1,1,2,2,3,13.360714285714286,27.23690476190476
29,36,1,1,6,4,4,3,21.932738095238097,27.604761904761904
29,37,1,1,1,1,1,8,11.132738095238096,26.36904761904762
29,38,1,1,1,1,1,8,11.132738095238096,26.36904761904762
29,39,1,1,1,3,2,9,14.206349206349207,27.264285714285716
29,40,1,1,1,2,2,3,13.360714285714286,27.23690476190476
29,41,2,1,1,4,4,6,18.09345238095238,27.457142857142856
29,42,1,1,1,3,4,9,16.286507936507938,27.44404761904762
29,43,1,1,6,4,4,3,21.932738095238097,27.604761904761904
29,44,1,1,1,2,2,3,13.360714285714286,27.23690476190476
29,45,1,1,1,1,2,3,12.09186507936508,26.81547619047619
29,46,1,1,1,2,2,6,13.126785714285713,27.142857142857142
29,47,2,1,1,4,4,6,18.09345238095238,27.457142857142856
29,48,1,1,1,3,3,1,15.139285714285714,27.31190476190476
29,49,1,1,1,2,2,6,13.126785714285713,27.142857142857142
30,0,1,1,6,4,4,3,21.932738095238097,27.604761904761904
30,1,1,1,1,1,1,8,11.132738095238096,26.36904761904762
30,2,1,1,1,1,1,8,11.132738095238096,26.36904761904762
30,3,1,1,6,4,4,3,21.932738095238097,27.604761904761904
30,4,2,1,1,4,5,6,19.29206349206349,27.516666666666666
30,5,1,1,7,4,3,3,21.893055555555556,27.55595238095238
30,6,1,1,1,1,2,3,12.09186507936508,26.81547619047619
30,7,1,1,1,1,2,9,12.04186507936508,26.617857142857144
30,8,2,1,1,4,4,6,18.09345238095238,27.457142857142856
30,9,1,1,1,1,2,9,12.04186507936508,26.617857142857144
30,10,1,1,1,3,3,4,15.21765873015873,27.423809523809524
30,11,1,1,1,3,4,9,16.286507936507938,27.44404761904762
30,12,1,1,1,2,2,2,13.03888888888889,27.03214285714286
30,13,1,1,1,1,2,3,12.09186507936508,26.81547619047619
30,14,1,1,1,2,2,2,13.03888888888889,27.03214285714286
30,15,2,1,1,4,5,6,19.29206349206349,27.516666666666666
30,16,1,1,1,2,2,3,13.360714285714286,27.23690476190476
30,17,2,1,1,4,4,6,18.09345238095238,27.457142857142856
30,18,1,1,1,3,4,9,16.286507936507938,27.44404761904762
30,19,1,1,1,2,2,6,13.126785714285713,27.142857142857142
30,20,1,1,1,3,2,9,14.206349206349207,27.264285714285716
30,21,1,1,1,3,3,1,15.139285714285714,27.31190476190476
30,22,2,1,1,3,2,8,15.072817460317461,27.266666666666666
30,23,1,1,1,3,2,9,14.206349206349207,27.264285714285716
30,24,1,1,1,2,2,4,13.27797619047619,27.173809523809524
30,25,1,1,1,3,3,1,15.139285714285714,27.31190476190476
30,26,1,1,7,4,3,3,21.893055555555556,27.55595238095238
30,27,1,1,1,4,2,2,15.12718253968254,27.276190476190475
30,28,1,1,1,2,2,6,13.126785714285713,27.142857142857142
30,29,1,1,1,2,2,4,13.27797619047619,27.173809523809524
30,30,1,1,1,2,2,3,13.360714285714286,27.23690476190476
30,31,1,1,1,3,3,4,15.21765873015873,27.423809523809524
30,32,1,1,1,4,2,2,15.12718253968254,27.276190476190475
30,33,2,1,1,3,2,8,15.072817460317461,27.266666666666666
30,34,2,1,1,4,5,6,19.29206349206349,27.516666666666666
30,35,1,1,1,2,2,2,13.03888888888889,27.03214285714286
30,36,1,1,1,3,3,4,15.21765873015873,27.423809523809524
30,37,1,1,6,4,4,3,21.932738095238097,27.604761904761904
30,38,1,1,1,3,3,4,15.21765873015873,27.423809523809524
30,39,1,1,1,3,2,9,14.206349206349207,27.264285714285716
30,40,2,1,1,3,2,8,15.072817460317461,27.266666666666666
30,41,1,1,1,2,2,3,13.360714285714286,27.23690476190476
30,42,2,1,1,4,4,6,18.09345238095238,27.457142857142856
30,43,1,1,1,3,2,9,14.206349206349207,27.264285714285716
30,44,1,1,1,3,2,9,14.206349206349207,27.264285714285716
30,45,2,1,1,4,4,6,18.09345238095238,27.457142857142856
30,46,1,1,1,2,2,3,13.360714285714286,27.23690476190476
30,47,2,1,1,4,4,6,18.09345238095238,27.457142857142856
30,48,1,1,1,2,2,3,13.360714285714286,27.23690476190476
30,49,1,1,1,3,2,9,14.206349206349207,27.264285714285716
31,0,1,1,1,1,1,8,11.132738095238096,26.36904761904762
31,1,1,1,6,4,4,3,21.932738095238097,27.604761904761904
31,2,1,1,1,1,1,8,11.132738095238096,26.36904761904762
31,3,1,1,6,4,4,3,21.932738095238097,27.604761904761904
31,4,2,1,1,4,5,6,19.29206349206349,27.516666666666666
31,5,1,1,7,4,3,3,21.893055555555556,27.55595238095238
31,6,1,1,1,1,2,3,12.09186507936508,26.81547619047619
31,7,1,1,1,1,2,9,12.04186507936508,26.617857142857144
31,8,2,1,1,4,4,6,18.09345238095238,27.457142857142856
31,9,1,1,1,1,2,9,12.04186507936508,26.617857142857144
31,10,1,1,1,3,3,4,15.21765873015873,27.423809523809524
31,11,1,1,1,3,4,9,16.286507936507938,27.44404761904762
31,12,1,1,1,2,2,2,13.03888888888889,27.03214285714286
31,13,1,1,1,1,2,3,12.09186507936508,26.81547619047619
31,14,1,1,1,2,2,2,13.03888888888889,27.03214285714286
31,15,2,1,1,4,5,6,19.29206349206349,27.516666666666666
31,16,1,1,1,2,2,3,13.360714285714286,27.23690476190476
31,17,2,1,1,4,4,6,18.09345238095238,27.457142857142856
31,18,1,1,1,3,4,9,16.286507936507938,27.44404761904762
31,19,1,1,1,2,2,6,13.126785714285713,27.142857142857142
31,20,1,1,1,3,2,9,14.206349206349207,27.264285714285716
31,21,1,1,1,3,3,1,15.139285714285714,27.31190476190476
31,22,2,1,1,3,2,8,15.072817460317461,27.266666666666666
31,23,1,1,1,3,2,9,14.206349206349207,27.264285714285716
31,24,1,1,1,2,2,4,13.27797619047619,27.173809523809524
31,25,1,1,1,3,3,1,15.139285714285714,27.31190476190476
31,26,1,1,7,4,3,3,21.893055555555556,27.55595238095238
31,27,1,1,1,4,2,2,15.12718253968254,27.276190476190475
31,28,1,1,1,2,2,6,13.126785714285713,27.142857142857142
31,29,1,1,1,2,2,4,13.27797619047619,27.173809523809524
31,30,1,1,1,2,2,3,13.360714285714286,27.23690476190476
31,31,1,1,1,3,3,4,15.21765873015873,27.423809523809524
31,32,1,1,1,4,2,2,15.12718253968254,27.276190476190475
31,33,2,1,1,3,2,8,15.072817460317461,27.266666666666666
31,34,1,1,1,3,2,9,14.206349206349207,27.264285714285716
31,35,1,1,1,2,2,3,13.360714285714286,27.23690476190476
31,36,1,1,1,1,1,8,11.132738095238096,26.36904761904762
31,37,1,1,7,4,3,3,21.893055555555556,27.55595238095238
31,38,1,1,1,3,2,9,14.206349206349207,27.264285714285716
31,39,1,1,7,4,3,3,21.893055555555556,27.55595238095238
31,40,1,1,1,3,3,4,15.21765873015873,27.423809523809524
31,41,1,1,1,3,2,9,14.206349206349207,27.264285714285716
31,42,1,1,1,1,2,3,12.09186507936508,26.81547619047619
31,43,1,1,1,1,2,3,12.09186507936508,26.81547619047619
31,44,1,1,1,1,1,8,11.132738095238096,26.36904761904762
31,45,1,1,1,3,2,9,14.206349206349207,27.264285714285716
31,46,1,1,1,2,2,6,13.126785714285713,27.142857142857142
31,47,2,1,1,4,4,6,18.09345238095238,27.457142857142856
31,48,1,1,1,2,2,3,13.360714285714286,27.23690476190476
31,49,1,1,6,4,4,3,21.932738095238097,27.604761904761904
32,0,1,1,1,1,1,8,11.132738095238096,26.36904761904762
32,1,1,1,1,1,1,8,11.132738095238096,26.36904761904762
32,2,1,1,6,4,4,3,21.932738095238097,27.604761904761904
32,3,1,1,6,4,4,3,21.932738095238097,27.604761904761904
32,4,2,1,1,4,5,6,19.29206349206349,27.516666666666666
32,5,1,1,7,4,3,3,21.893055555555556,27.55595238095238
32,6,1,1,1,1,2,3,12.09186507936508,26.81547619047619
32,7,2,1,1,4,4,6,18.09345238095238,27.457142857142856
32,8,1,1,1,1,2,9,12.04186507936508,26.617857142857144
32,9,1,1,1,3,3,4,15.21765873015873,27.423809523809524
32,10,1,1,1,3,4,9,16.286507936507938,27.44404761904762
32,11,1,1,1,2,2,2,13.03888888888889,27.03214285714286
32,12,1,1,1,2,2,2,13.03888888888889,27.03214285714286
32,13,1,1,1,1,2,3,12.09186507936508,26.81547619047619
32,14,1,1,1,1,2,1,12.082936507936507,26.626190476190477
32,15,2,1,1,4,5,6,19.29206349206349,27.516666666666666
32,16,1,1,1,2,2,3,13.360714285714286,27.23690476190476
32,17,2,1,1,4,4,6,18.09345238095238,27.457142857142856
32,18,1,1,1,3,4,9,16.286507936507938,27.44404761904762
32,19,1,1,1,2,2,6,13.126785714285713,27.142857142857142
32,20,1,1,1,3,2,9,14.206349206349207,27.264285714285716
32,21,1,1,1,3,3,1,15.139285714285714,27.31190476190476
32,22,1,1,1,1,2,9,12.04186507936508,26.617857142857144
32,23,2,1,1,3,2,8,15.072817460317461,27.266666666666666
32,24,1,1,1,3,2,9,14.206349206349207,27.264285714285716
32,25,1,1,1,2,2,4,13.27797619047619,27.173809523809524
32,26,1,1,1,3,3,1,15.139285714285714,27.31190476190476
32,27,1,1,7,4,3,3,21.893055555555556,27.55595238095238
32,28,1,1,1,4,2,2,15.12718253968254,27.276190476190475
32,29,1,1,1,2,2,6,13.126785714285713,27.142857142857142
32,30,1,1,1,2,2,4,13.27797619047619,27.173809523809524
32,31,1,1,1,2,2,3,13.360714285714286,27.23690476190476
32,32,1,1,1,3,3,4,15.21765873015873,27.423809523809524
32,33,1,1,1,4,2,2,15.12718253968254,27.276190476190475
32,34,2,1,1,3,2,8,15.072817460317461,27.266666666666666
32,35,1,1,1,1,2,3,12.09186507936508,26.81547619047619
32,36,1,1,1,3,2,9,14.206349206349207,27.264285714285716
32,37,1,1,1,1,1,8,11.132738095238096,26.36904761904762
32,38,1,1,1,1,2,3,12.09186507936508,26.81547619047619
32,39,1,1,1,2,2,6,13.126785714285713,27.142857142857142
32,40,1,1,1,3,3,4,15.21765873015873,27.423809523809524
32,41,1,1,1,3,4,9,16.286507936507938,27.44404761904762
32,42,1,1,1,2,2,3,13.360714285714286,27.23690476190476
32,43,1,1,1,3,2,9,14.206349206349207,27.264285714285716
32,44,1,1,1,2,2,3,13.360714285714286,27.23690476190476
32,45,1,1,1,3,2,9,14.206349206349207,27.264285714285716
32,46,1,1,6,4,4,3,21.932738095238097,27.604761904761904
32,47,1,1,1,3,3,4,15.21765873015873,27.423809523809524
32,48,1,1,1,2,2,2,13.03888888888889,27.03214285714286
32,49,1,1,1,2,2,3,13.360714285714286,27.23690476190476
33,0,1,1,1,1,1,8,11.132738095238096,26.36904761904762
33,1,1,1,6,4,4,3,21.932738095238097,27.604761904761904
33,2,1,1,1,1,1,8,11.132738095238096,26.36904761904762
33,3,1,1,6,4,4,3,21.932738095238097,27.604761904761904
33,4,2,1,1,4,5,6,19.29206349206349,27.516666666666666
33,5,1,1,7,4,3,3,21.893055555555556,27.55595238095238
33,6,1,1,1,1,2,3,12.09186507936508,26.81547619047619
33,7,2,1,1,4,4,6,18.09345238095238,27.457142857142856
33,8,1,1,1,1,2,9,12.04186507936508,26.617857142857144
33,9,1,1,1,3,3,4,15.21765873015873,27.423809523809524
33,10,1,1,1,3,4,9,16.286507936507938,27.44404761904762
33,11,1,1,1,2,2,2,13.03888888888889,27.03214285714286
33,12,1,1,1,2,2,2,13.03888888888889,27.03214285714286
33,13,1,1,1,1,2,3,12.09186507936508,26.81547619047619
33,14,1,1,1,1,2,1,12.082936507936507,26.626190476190477
33,15,2,1,1,4,5,6,19.29206349206349,27.516666666666666
33,16,1,1,1,2,2,3,13.360714285714286,27.23690476190476
33,17,2,1,1,4,4,6,18.09345238095238,27.457142857142856
33,18,1,1,1,3,4,9,16.286507936507938,27.44404761904762
33,19,1,1,1,2,2,6,13.126785714285713,27.142857142857142
33,20,1,1,1,3,2,9,14.206349206349207,27.264285714285716
33,21,1,1,1,3,3,1,15.139285714285714,27.31190476190476
33,22,1,1,1,1,2,9,12.04186507936508,26.617857142857144
33,23,2,1,1,3,2,8,15.072817460317461,27.266666666666666
33,24,1,1,1,3,2,9,14.206349206349207,27.264285714285716
33,25,1,1,1,2,2,4,13.27797619047619,27.173809523809524
33,26,1,1,1,3,3,1,15.139285714285714,27.31190476190476
33,27,1,1,7,4,3,3,21.893055555555556,27.55595238095238
33,28,1,1,1,4,2,2,15.12718253968254,27.276190476190475
33,29,1,1,1,2,2,6,13.126785714285713,27.142857142857142
33,30,1,1,1,2,2,4,13.27797619047619,27.173809523809524
33,31,1,1,1,2,2,3,13.360714285714286,27.23690476190476
33,32,1,1,1,3,3,4,15.21765873015873,27.423809523809524
33,33,1,1,1,4,2,2,15.12718253968254,27.276190476190475
33,34,2,1,1,3,2,8,15.072817460317461,27.266666666666666
33,35,1,1,1,2,2,6,13.126785714285713,27.142857142857142
33,36,1,1,1,3,2,9,14.206349206349207,27.264285714285716
33,37,2,1,1,4,4,6,18.09345238095238,27.457142857142856
33,38,1,1,1,2,2,4,13.27797619047619,27.173809523809524
33,39,1,1,1,3,4,9,16.286507936507938,27.44404761904762
33,40,1,1,1,2,2,6,13.126785714285713,27.142857142857142
33,41,1,1,1,3,3,4,15.21765873015873,27.423809523809524
33,42,1,1,1,3,4,9,16.286507936507938,27.44404761904762
33,43,1,1,1,3,3,1,15.139285714285714,27.31190476190476
33,44,1,1,1,1,2,3,12.09186507936508,26.81547619047619
33,45,1,1,1,2,2,4,13.27797619047619,27.173809523809524
33,46,1,1,1,2,2,6,13.126785714285713,27.142857142857142
33,47,1,1,1,1,1,8,11.132738095238096,26.36904761904762
33,48,2,1,1,4,5,6,19.29206349206349,27.516666666666666
33,49,1,1,1,3,2,9,14.206349206349207,27.264285714285716
34,0,1,1,6,4,4,3,21.932738095238097,27.604761904761904
34,1,1,1,1,1,1,8,11.132738095238096,26.36904761904762
34,2,1,1,1,1,1,8,11.132738095238096,26.36904761904762
34,3,1,1,6,4,4,3,21.932738095238097,27.604761904761904
34,4,2,1,1,4,5,6,19.29206349206349,27.516666666666666
34,5,1,1,7,4,3,3,21.893055555555556,27.55595238095238
34,6,1,1,1,1,2,3,12.09186507936508,26.81547619047619
34,7,2,1,1,4,4,6,18.09345238095238,27.457142857142856
34,8,1,1,1,1,2,9,12.04186507936508,26.617857142857144
34,9,1,1,1,3,3,4,15.21765873015873,27.423809523809524
34,10,1,1,1,3,4,9,16.286507936507938,27.44404761904762
34,11,1,1,1,2,2,2,13.03888888888889,27.03214285714286
34,12,1,1,1,2,2,2,13.03888888888889,27.03214285714286
34,13,1,1,1,1,2,3,12.09186507936508,26.81547619047619
34,14,1,1,1,1,2,1,12.082936507936507,26.626190476190477
34,15,2,1,1,4,5,6,19.29206349206349,27.516666666666666
34,16,1,1,1,2,2,3,13.360714285714286,27.23690476190476
34,17,2,1,1,4,4,6,18.09345238095238,27.457142857142856
34,18,1,1,1,3,4,9,16.286507936507938,27.44404761904762
34,19,1,1,1,2,2,6,13.126785714285713,27.142857142857142
34,20,1,1,1,3,2,9,14.206349206349207,27.264285714285716
34,21,1,1,1,3,3,1,15.139285714285714,27.31190476190476
34,22,1,1,1,1,2,9,12.04186507936508,26.617857142857144
34,23,2,1,1,3,2,8,15.072817460317461,27.266666666666666
34,24,1,1,1,3,2,9,14.206349206349207,27.264285714285716
34,25,1,1,1,2,2,4,13.27797619047619,27.173809523809524
34,26,1,1,1,3,3,1,15.139285714285714,27.31190476190476
34,27,1,1,7,4,3,3,21.893055555555556,27.55595238095238
34,28,1,1,1,4,2,2,15.12718253968254,27.276190476190475
34,29,1,1,1,2,2,6,13.126785714285713,27.142857142857142
34,30,1,1,1,2,2,4,13.27797619047619,27.173809523809524
34,31,1,1,1,2,2,3,13.360714285714286,27.23690476190476
34,32,1,1,1,3,3,4,15.21765873015873,27.423809523809524
34,33,1,1,1,4,2,2,15.12718253968254,27.276190476190475
34,34,2,1,1,3,2,8,15.072817460317461,27.266666666666666
34,35,1,1,1,2,2,4,13.27797619047619,27.173809523809524
34,36,1,1,1,1,2,3,12.09186507936508,26.81547619047619
34,37,1,1,1,2,2,4,13.27797619047619,27.173809523809524
34,38,1,1,1,2,2,6,13.126785714285713,27.142857142857142
34,39,1,1,1,1,1,8,11.132738095238096,26.36904761904762
34,40,1,1,1,2,2,4,13.27797619047619,27.173809523809524
34,41,1,1,1,1,1,8,11.132738095238096,26.36904761904762
34,42,1,1,6,4,4,3,21.932738095238097,27.604761904761904
34,43,1,1,1,2,2,4,13.27797619047619,27.173809523809524
34,44,2,1,1,4,4,6,18.09345238095238,27.457142857142856
34,45,2,1,1,4,4,6,18.09345238095238,27.457142857142856
34,46,2,1,1,4,5,6,19.29206349206349,27.516666666666666
34,47,1,1,1,1,2,3,12.09186507936508,26.81547619047619
34,48,1,1,1,2,2,2,13.03888888888889,27.03214285714286
34,49,1,1,6,4,4,3,21.932738095238097,27.604761904761904
35,0,1,1,1,1,1,8,11.132738095238096,26.36904761904762
35,1,1,1,1,1,1,8,11.132738095238096,26.36904761904762
35,2,1,1,6,4,4,3,21.932738095238097,27.604761904761904
35,3,1,1,6,4,4,3,21.932738095238097,27.604761904761904
35,4,2,1,1,4,5,6,19.29206349206349,27.516666666666666
35,5,1,1,7,4,3,3,21.893055555555556,27.55595238095238
35,6,1,1,1,1,2,3,12.09186507936508,26.81547619047619
35,7,2,1,1,4,4,6,18.09345238095238,27.457142857142856
35,8,1,1,1,1,2,9,12.04186507936508,26.617857142857144
35,9,1,1,1,3,3,4,15.21765873015873,27.423809523809524
35,10,1,1,1,3,4,9,16.286507936507938,27.44404761904762
35,11,1,1,1,2,2,2,13.03888888888889,27.03214285714286
35,12,1,1,1,2,2,2,13.03888888888889,27.03214285714286
35,13,1,1,1,1,2,3,12.09186507936508,26.81547619047619
35,14,1,1,1,1,2,1,12.082936507936507,26.626190476190477
35,15,2,1,1,4,5,6,19.29206349206349,27.516666666666666
35,16,1,1,1,2,2,3,13.360714285714286,27.23690476190476
35,17,2,1,1,4,4,6,18.09345238095238,27.457142857142856
35,18,1,1,1,3,4,9,16.286507936507938,27.44404761904762
35,19,1,1,1,2,2,6,13.126785714285713,27.142857142857142
35,20,1,1,1,3,2,9,14.206349206349207,27.264285714285716
35,21,1,1,1,3,3,1,15.139285714285714,27.31190476190476
35,22,1,1,1,1,2,9,12.04186507936508,26.617857142857144
35,23,2,1,1,3,2,8,15.072817460317461,27.266666666666666
35,24,1,1,1,3,2,9,14.206349206349207,27.264285714285716
35,25,1,1,1,2,2,4,13.27797619047619,27.173809523809524
35,26,1,1,1,3,3,1,15.139285714285714,27.31190476190476
35,27,1,1,7,4,3,3,21.893055555555556,27.55595238095238
35,28,1,1,1,4,2,2,15.12718253968254,27.276190476190475
35,29,1,1,1,2,2,6,13.126785714285713,27.142857142857142
35,30,1,1,1,2,2,4,13.27797619047619,27.173809523809524
35,31,1,1,1,2,2,3,13.360714285714286,27.23690476190476
35,32,1,1,1,3,3,4,15.21765873015873,27.423809523809524
35,33,1,1,1,4,2,2,15.12718253968254,27.276190476190475
35,34,1,1,1,1,2,1,12.082936507936507,26.626190476190477
35,35,2,1,1,3,2,8,15.072817460317461,27.266666666666666
35,36,1,1,1,1,2,3,12.09186507936508,26.81547619047619
35,37,1,1,1,1,1,8,11.132738095238096,26.36904761904762
35,38,1,1,1,3,4,9,16.286507936507938,27.44404761904762
35,39,1,1,1,2,2,4,13.27797619047619,27.173809523809524
35,40,1,1,1,1,1,8,11.132738095238096,26.36904761904762
35,41,1,1,1,1,1,8,11.132738095238096,26.36904761904762
35,42,2,1,1,4,5,6,19.29206349206349,27.516666666666666
35,43,1,1,1,2,2,6,13.126785714285713,27.142857142857142
35,44,1,1,1,2,2,4,13.27797619047619,27.173809523809524
35,45,1,1,1,1,2,3,12.09186507936508,26.81547619047619
35,46,1,1,1,1,2,9,12.04186507936508,26.617857142857144
35,47,1,1,7,4,3,3,21.893055555555556,27.55595238095238
35,48,1,1,1,1,1,8,11.132738095238096,26.36904761904762
35,49,2,1,1,3,2,8,15.072817460317461,27.266666666666666
36,0,1,1,6,4,4,3,21.932738095238097,27.604761904761904
36,1,1,1,1,1,1,8,11.132738095238096,26.36904761904762
36,2,1,1,6,4,4,3,21.932738095238097,27.604761904761904
36,3,1,1,1,1,1,8,11.132738095238096,26.36904761904762
36,4,2,1,1,4,5,6,19.29206349206349,27.516666666666666
36,5,1,1,7,4,3,3,21.893055555555556,27.55595238095238
36,6,1,1,1,1,2,3,12.09186507936508,26.81547619047619
36,7,2,1,1,4,4,6,18.09345238095238,27.457142857142856
36,8,1,1,1,1,2,9,12.04186507936508,26.617857142857144
36,9,1,1,1,3,3,4,15.21765873015873,27.423809523809524
36,10,1,1,1,3,4,9,16.286507936507938,27.44404761904762
36,11,1,1,1,2,2,2,13.03888888888889,27.03214285714286
36,12,1,1,1,2,2,2,13.03888888888889,27.03214285714286
36,13,1,1,1,1,2,3,12.09186507936508,26.81547619047619
36,14,1,1,1,1,2,1,12.082936507936507,26.626190476190477
36,15,2,1,1,4,5,6,19.29206349206349,27.516666666666666
36,16,1,1,1,2,2,3,13.360714285714286,27.23690476190476
36,17,2,1,1,4,4,6,18.09345238095238,27.457142857142856
36,18,1,1,1,3,4,9,16.286507936507938,27.44404761904762
36,19,1,1,1,2,2,6,13.126785714285713,27.142857142857142
36,20,1,1,1,3,2,9,14.206349206349207,27.264285714285716
36,21,1,1,1,3,3,1,15.139285714285714,27.31190476190476
36,22,1,1,1,1,2,9,12.04186507936508,26.617857142857144
36,23,2,1,1,3,2,8,15.072817460317461,27.266666666666666
36,24,1,1,1,3,2,9,14.206349206349207,27.264285714285716
36,25,1,1,1,2,2,4,13.27797619047619,27.173809523809524
36,26,1,1,1,3,3,1,15.139285714285714,27.31190476190476
36,27,1,1,7,4,3,3,21.893055555555556,27.55595238095238
36,28,1,1,1,4,2,2,15.12718253968254,27.276190476190475
36,29,1,1,1,2,2,6,13.126785714285713,27.142857142857142
36,30,1,1,1,2,2,4,13.27797619047619,27.173809523809524
36,31,1,1,1,2,2,3,13.360714285714286,27.23690476190476
36,32,1,1,1,3,3,4,15.21765873015873,27.423809523809524
36,33,1,1,1,4,2,2,15.12718253968254,27.276190476190475
36,34,1,1,1,1,2,1,12.082936507936507,26.626190476190477
36,35,2,1,1,3,2,8,15.072817460317461,27.266666666666666
36,36,1,1,6,4,4,3,21.932738095238097,27.604761904761904
36,37,1,1,1,1,2,3,12.09186507936508,26.81547619047619
36,38,1,1,6,4,4,3,21.932738095238097,27.604761904761904
36,39,1,1,1,2,2,4,13.27797619047619,27.173809523809524
36,40,2,1,1,4,5,6,19.29206349206349,27.516666666666666
36,41,2,1,1,3,2,8,15.072817460317461,27.266666666666666
36,42,1,1,1,1,2,9,12.04186507936508,26.617857142857144
36,43,1,1,1,2,2,6,13.126785714285713,27.142857142857142
36,44,1,1,1,1,2,3,12.09186507936508,26.81547619047619
36,45,1,1,1,3,3,1,15.139285714285714,27.31190476190476
36,46,1,1,1,1,1,8,11.132738095238096,26.36904761904762
36,47,1,1,7,4,3,3,21.893055555555556,27.55595238095238
36,48,1,1,1,2,2,6,13.126785714285713,27.142857142857142
36,49,1,1,1,3,2,9,14.206349206349207,27.264285714285716
37,0,1,1,6,4,4,3,21.932738095238097,27.604761904761904
37,1,1,1,1,1,1,8,11.132738095238096,26.36904761904762
37,2,1,1,1,1,1,8,11.132738095238096,26.36904761904762
37,3,1,1,6,4,4,3,21.932738095238097,27.604761904761904
37,4,2,1,1,4,5,6,19.29206349206349,27.516666666666666
37,5,1,1,7,4,3,3,21.893055555555556,27.55595238095238
37,6,1,1,1,1,2,3,12.09186507936508,26.81547619047619
37,7,2,1,1,4,4,6,18.09345238095238,27.457142857142856
37,8,1,1,1,1,2,9,12.04186507936508,26.617857142857144
37,9,1,1,1,3,3,4,15.21765873015873,27.423809523809524
37,10,1,1,1,3,4,9,16.286507936507938,27.44404761904762
37,11,1,1,1,2,2,2,13.03888888888889,27.03214285714286
37,12,1,1,1,2,2,2,13.03888888888889,27.03214285714286
37,13,1,1,1,1,2,3,12.09186507936508,26.81547619047619
37,14,1,1,1,1,2,1,12.082936507936507,26.626190476190477
37,15,2,1,1,4,5,6,19.29206349206349,27.516666666666666
37,16,1,1,1,2,2,3,13.360714285714286,27.23690476190476
37,17,2,1,1,4,4,6,18.09345238095238,27.457142857142856
37,18,1,1,1,3,4,9,16.286507936507938,27.44404761904762
37,19,1,1,1,2,2,6,13.126785714285713,27.142857142857142
37,20,1,1,1,3,2,9,14.206349206349207,27.264285714285716
37,21,1,1,1,3,3,1,15.139285714285714,27.31190476190476
37,22,1,1,1,1,2,9,12.04186507936508,26.617857142857144
37,23,2,1,1,3,2,8,15.072817460317461,27.266666666666666
37,24,1,1,1,3,2,9,14.206349206349207,27.264285714285716
37,25,1,1,1,2,2,4,13.27797619047619,27.173809523809524
37,26,1,1,1,3,3,1,15.139285714285714,27.31190476190476
37,27,1,1,7,4,3,3,21.893055555555556,27.55595238095238
37,28,1,1,1,4,2,2,15.12718253968254,27.276190476190475
37,29,1,1,1,2,2,6,13.126785714285713,27.142857142857142
37,30,1,1,1,2,2,4,13.27797619047619,27.173809523809524
37,31,1,1,1,2,2,3,13.360714285714286,27.23690476190476
37,32,1,1,1,3,3,4,15.21765873015873,27.423809523809524
37,33,1,1,1,4,2,2,15.12718253968254,27.276190476190475
37,34,1,1,1,1,2,1,12.082936507936507,26.626190476190477
37,35,2,1,1,3,2,8,15.072817460317461,27.266666666666666
37,36,1,1,7,4,3,3,21.893055555555556,27.55595238095238
37,37,1,1,1,1,2,1,12.082936507936507,26.626190476190477
37,38,1,1,1,1,2,3,12.09186507936508,26.81547619047619
37,39,2,1,1,4,4,6,18.09345238095238,27.457142857142856
37,40,1,1,6,4,4,3,21.932738095238097,27.604761904761904
37,41,2,1,1,4,5,6,19.29206349206349,27.516666666666666
37,42,1,1,1,2,2,4,13.27797619047619,27.173809523809524
37,43,1,1,1,1,1,8,11.132738095238096,26.36904761904762
37,44,1,1,1,1,2,9,12.04186507936508,26.617857142857144
37,45,1,1,6,4,4,3,21.932738095238097,27.604761904761904
37,46,1,1,1,2,2,4,13.27797619047619,27.173809523809524
37,47,2,1,1,4,5,6,19.29206349206349,27.516666666666666
37,48,1,1,1,1,2,3,12.09186507936508,26.81547619047619
37,49,1,1,1,2,2,2,13.03888888888889,27.03214285714286
38,0,1,1,1,1,1,8,11.132738095238096,26.36904761904762
38,1,1,1,1,1,1,8,11.132738095238096,26.36904761904762
38,2,1,1,6,4,4,3,21.932738095238097,27.604761904761904
38,3,1,1,6,4,4,3,21.932738095238097,27.604761904761904
38,4,2,1,1,4,5,6,19.29206349206349,27.516666666666666
38,5,1,1,7,4,3,3,21.893055555555556,27.55595238095238
38,6,1,1,1,1,2,3,12.09186507936508,26.81547619047619
38,7,2,1,1,4,4,6,18.09345238095238,27.457142857142856
38,8,1,1,1,1,2,9,12.04186507936508,26.617857142857144
38,9,1,1,1,3,3,4,15.21765873015873,27.423809523809524
38,10,1,1,1,3,4,9,16.286507936507938,27.44404761904762
38,11,1,1,1,2,2,2,13.03888888888889,27.03214285714286
38,12,1,1,1,2,2,2,13.03888888888889,27.03214285714286
38,13,1,1,1,1,2,3,12.09186507936508,26.81547619047619
38,14,1,1,1,1,2,1,12.082936507936507,26.626190476190477
38,15,2,1,1,4,5,6,19.29206349206349,27.516666666666666
38,16,1,1,1,2,2,3,13.360714285714286,27.23690476190476
38,17,2,1,1,4,4,6,18.09345238095238,27.457142857142856
38,18,1,1,1,3,4,9,16.286507936507938,27.44404761904762
38,19,1,1,1,2,2,6,13.126785714285713,27.142857142857142
38,20,1,1,1,3,2,9,14.206349206349207,27.264285714285716
38,21,1,1,1,3,3,1,15.139285714285714,27.31190476190476
38,22,1,1,1,1,2,9,12.04186507936508,26.617857142857144
38,23,2,1,1,3,2,8,15.072817460317461,27.266666666666666
38,24,1,1,1,3,2,9,14.206349206349207,27.264285714285716
38,25,1,1,1,2,2,4,13.27797619047619,27.173809523809524
38,26,1,1,1,3,3,1,15.139285714285714,27.31190476190476
38,27,1,1,7,4,3,3,21.893055555555556,27.55595238095238
38,28,1,1,1,4,2,2,15.12718253968254,27.276190476190475
38,29,1,1,1,2,2,6,13.126785714285713,27.142857142857142
38,30,1,1,1,2,2,4,13.27797619047619,27.173809523809524
38,31,1,1,1,2,2,3,13.360714285714286,27.23690476190476
38,32,1,1,1,3,3,4,15.21765873015873,27.423809523809524
38,33,1,1,1,4,2,2,15.12718253968254,27.276190476190475
38,34,1,1,1,1,2,1,12.082936507936507,26.626190476190477
38,35,2,1,1,3,2,8,15.072817460317461,27.266666666666666
38,36,1,1,7,4,3,3,21.893055555555556,27.55595238095238
38,37,2,1,1,4,5,6,19.29206349206349,27.516666666666666
38,38,1,1,1,1,2,3,12.09186507936508,26.81547619047619
38,39,2,1,1,4,5,6,19.29206349206349,27.516666666666666
38,40,1,1,1,1,2,1,12.082936507936507,26.626190476190477
38,41,1,1,1,1,1,8,11.132738095238096,26.36904761904762
38,42,2,1,1,4,4,6,18.09345238095238,27.457142857142856
38,43,1,1,1,2,2,4,13.27797619047619,27.173809523809524
38,44,1,1,1,1,2,9,12.04186507936508,26.617857142857144
38,45,2,1,1,4,4,6,18.09345238095238,27.457142857142856
38,46,2,1,1,4,5,6,19.29206349206349,27.516666666666666
38,47,1,1,1,3,2,9,14.206349206349207,27.264285714285716
38,48,1,1,1,3,2,9,14.206349206349207,27.264285714285716
38,49,1,1,1,3,4,9,16.286507936507938,27.44404761904762
39,0,1,1,6,4,4,3,21.932738095238097,27.604761904761904
39,1,1,1,1,1,1,8,11.132738095238096,26.36904761904762
39,2,1,1,1,1,1,8,11.132738095238096,26.36904761904762
39,3,1,1,6,4,4,3,21.932738095238097,27.604761904761904
39,4,2,1,1,4,5,6,19.29206349206349,27.516666666666666
39,5,1,1,7,4,3,3,21.893055555555556,27.55595238095238
39,6,1,1,1,1,2,3,12.09186507936508,26.81547619047619
39,7,2,1,1,4,4,6,18.09345238095238,27.457142857142856
39,8,1,1,1,1,2,9,12.04186507936508,26.617857142857144
39,9,1,1,1,3,3,4,15.21765873015873,27.423809523809524
39,10,1,1,1,3,4,9,16.286507936507938,27.44404761904762
39,11,1,1,1,2,2,2,13.03888888888889,27.03214285714286
39,12,1,1,1,2,2,2,13.03888888888889,27.03214285714286
39,13,1,1,1,1,2,3,12.09186507936508,26.81547619047619
39,14,1,1,1,1,2,1,12.082936507936507,26.626190476190477
39,15,2,1,1,4,5,6,19.29206349206349,27.516666666666666
39,16,1,1,1,2,2,3,13.360714285714286,27.23690476190476
39,17,2,1,1,4,4,6,18.09345238095238,27.457142857142856
39,18,1,1,1,3,4,9,16.286507936507938,27.44404761904762
39,19,1,1,1,2,2,6,13.126785714285713,27.142857142857142
39,20,1,1,1,3,2,9,14.206349206349207,27.264285714285716
39,21,1,1,1,3,3,1,15.139285714285714,27.31190476190476
39,22,1,1,1,1,2,9,12.04186507936508,26.617857142857144
39,23,2,1,1,3,2,8,15.072817460317461,27.266666666666666
39,24,1,1,1,3,2,9,14.206349206349207,27.264285714285716
39,25,1,1,1,2,2,4,13.27797619047619,27.173809523809524
39,26,1,1,1,3,3,1,15.139285714285714,27.31190476190476
39,27,1,1,7,4,3,3,21.893055555555556,27.55595238095238
39,28,1,1,1,4,2,2,15.12718253968254,27.276190476190475
39,29,1,1,1,2,2,6,13.126785714285713,27.142857142857142
39,30,1,1,1,2,2,4,13.27797619047619,27.173809523809524
39,31,1,1,1,2,2,3,13.360714285714286,27.23690476190476
39,32,1,1,1,3,3,4,15.21765873015873,27.423809523809524
39,33,1,1,1,4,2,2,15.12718253968254,27.276190476190475
39,34,1,1,1,1,2,1,12.082936507936507,26.626190476190477
39,35,2,1,1,3,2,8,15.072817460317461,27.266666666666666
39,36,1,1,1,2,2,4,13.27797619047619,27.173809523809524
39,37,2,1,1,4,4,6,18.09345238095238,27.457142857142856
39,38,1,1,1,3,2,9,14.206349206349207,27.264285714285716
39,39,1,1,1,2,2,6,13.126785714285713,27.142857142857142
39,40,1,1,1,2,2,3,13.360714285714286,27.23690476190476
39,41,1,1,1,1,1,8,11.132738095238096,26.36904761904762
39,42,2,1,1,4,5,6,19.29206349206349,27.516666666666666
39,43,1,1,1,2,2,3,13.360714285714286,27.23690476190476
39,44,1,1,1,1,2,9,12.04186507936508,26.617857142857144
39,45,1,1,1,1,2,3,12.09186507936508,26.81547619047619
39,46,1,1,1,3,3,4,15.21765873015873,27.423809523809524
39,47,1,1,1,2,2,4,13.27797619047619,27.173809523809524
39,48,1,1,1,2,2,6,13.126785714285713,27.142857142857142
39,49,1,1,1,3,2,9,14.206349206349207,27.264285714285716
40,0,1,1,6,4,4,3,21.932738095238097,27.604761904761904
40,1,1,1,6,4,4,3,21.932738095238097,27.604761904761904
40,2,1,1,1,1,1,1,11.118849206349207,26.445238095238096
40,3,2,1,1,4,5,6,19.29206349206349,27.516666666666666
40,4,1,1,7,4,3,3,21.893055555555556,27.55595238095238
40,5,1,1,1,1,2,3,12.09186507936508,26.81547619047619
40,6,2,1,1,4,4,6,18.09345238095238,27.457142857142856
40,7,1,1,1,3,3,4,15.21765873015873,27.423809523809524
40,8,1,1,1,2,2,2,13.03888888888889,27.03214285714286
40,9,1,1,1,1,2,3,12.09186507936508,26.81547619047619
40,10,1,1,1,3,4,9,16.286507936507938,27.44404761904762
40,11,1,1,1,2,2,2,13.03888888888889,27.03214285714286
40,12,1,1,1,1,2,1,12.082936507936507,26.626190476190477
40,13,1,1,1,1,2,9,12.04186507936508,26.617857142857144
40,14,2,1,1,4,5,6,19.29206349206349,27.516666666666666
40,15,1,1,1,2,2,3,13.360714285714286,27.23690476190476
40,16,2,1,1,4,4,6,18.09345238095238,27.457142857142856
40,17,1,1,1,3,4,9,16.286507936507938,27.44404761904762
40,18,1,1,1,2,2,6,13.126785714285713,27.142857142857142
40,19,1,1,1,3,2,9,14.206349206349207,27.264285714285716
40,20,1,1,1,3,3,1,15.139285714285714,27.31190476190476
40,21,1,1,1,1,2,9,12.04186507936508,26.617857142857144
40,22,2,1,1,3,2,8,15.072817460317461,27.266666666666666
40,23,1,1,1,3,2,9,14.206349206349207,27.264285714285716
40,24,1,1,1,2,2,4,13.27797619047619,27.173809523809524
40,25,1,1,1,3,3,1,15.139285714285714,27.31190476190476
40,26,1,1,7,4,3,3,21.893055555555556,27.55595238095238
40,27,1,1,1,4,2,2,15.12718253968254,27.276190476190475
40,28,1,1,1,2,2,6,13.126785714285713,27.142857142857142
40,29,1,1,1,2,2,4,13.27797619047619,27.173809523809524
40,30,1,1,1,2,2,3,13.360714285714286,27.23690476190476
40,31,1,1,1,3,3,4,15.21765873015873,27.423809523809524
40,32,1,1,1,4,2,2,15.12718253968254,27.276190476190475
40,33,1,1,1,1,2,1,12.082936507936507,26.626190476190477
40,34,2,1,1,3,2,8,15.072817460317461,27.266666666666666
40,35,1,1,1,1,2,3,12.09186507936508,26.81547619047619
40,36,1,1,1,3,4,9,16.286507936507938,27.44404761904762
40,37,1,1,1,2,2,6,13.126785714285713,27.142857142857142
40,38,1,1,1,3,3,1,15.139285714285714,27.31190476190476
40,39,1,1,1,2,2,4,13.27797619047619,27.173809523809524
40,40,1,1,1,1,2,9,12.04186507936508,26.617857142857144
40,41,1,1,1,2,2,3,13.360714285714286,27.23690476190476
40,42,1,1,1,2,2,3,13.360714285714286,27.23690476190476
40,43,1,1,1,2,2,3,13.360714285714286,27.23690476190476
40,44,1,1,1,1,2,9,12.04186507936508,26.617857142857144
40,45,1,1,1,2,2,4,13.27797619047619,27.173809523809524
40,46,1,1,1,2,2,3,13.360714285714286,27.23690476190476
40,47,1,1,1,3,3,4,15.21765873015873,27.423809523809524
40,48,2,1,1,4,4,6,18.09345238095238,27.457142857142856
40,49,1,1,1,3,2,9,14.206349206349207,27.264285714285716
41,0,1,1,6,4,4,3,21.932738095238097,27.604761904761904
41,1,1,1,6,4,4,3,21.932738095238097,27.604761904761904
41,2,1,1,1,1,1,1,11.118849206349207,26.445238095238096
41,3,1,1,1,1,1,1,11.118849206349207,26.445238095238096
41,4,2,1,1,4,5,6,19.29206349206349,27.516666666666666
41,5,1,1,7,4,3,3,21.893055555555556,27.55595238095238
41,6,1,1,1,1,2,3,12.09186507936508,26.81547619047619
41,7,2,1,1,4,4,6,18.09345238095238,27.457142857142856
41,8,1,1,1,3,3,4,15.21765873015873,27.423809523809524
41,9,1,1,1,2,2,2,13.03888888888889,27.03214285714286
41,10,1,1,1,1,2,3,12.09186507936508,26.81547619047619
41,11,1,1,1,3,4,9,16.286507936507938,27.44404761904762
41,12,1,1,1,2,2,2,13.03888888888889,27.03214285714286
41,13,1,1,1,1,2,1,12.082936507936507,26.626190476190477
41,14,1,1,1,1,2,9,12.04186507936508,26.617857142857144
41,15,2,1,1,4,5,6,19.29206349206349,27.516666666666666
41,16,1,1,1,2,2,3,13.360714285714286,27.23690476190476
41,17,2,1,1,4,4,6,18.09345238095238,27.457142857142856
41,18,1,1,1,3,4,9,16.286507936507938,27.44404761904762
41,19,1,1,1,2,2,6,13.126785714285713,27.142857142857142
41,20,1,1,1,3,2,9,14.206349206349207,27.264285714285716
41,21,1,1,1,3,3,1,15.139285714285714,27.31190476190476
41,22,1,1,1,1,2,9,12.04186507936508,26.617857142857144
41,23,2,1,1,3,2,8,15.072817460317461,27.266666666666666
41,24,1,1,1,3,2,9,14.206349206349207,27.264285714285716
41,25,1,1,1,2,2,4,13.27797619047619,27.173809523809524
41,26,1,1,1,3,3,1,15.139285714285714,27.31190476190476
41,27,1,1,7,4,3,3,21.893055555555556,27.55595238095238
41,28,1,1,1,4,2,2,15.12718253968254,27.276190476190475
41,29,1,1,1,2,2,6,13.126785714285713,27.142857142857142
41,30,1,1,1,2,2,4,13.27797619047619,27.173809523809524
41,31,1,1,1,2,2,3,13.360714285714286,27.23690476190476
41,32,1,1,1,3,3,4,15.21765873015873,27.423809523809524
41,33,1,1,1,4,2,2,15.12718253968254,27.276190476190475
41,34,1,1,1,1,2,1,12.082936507936507,26.626190476190477
41,35,2,1,1,3,2,8,15.072817460317461,27.266666666666666
41,36,1,1,1,2,2,6,13.126785714285713,27.142857142857142
41,37,1,1,1,3,3,4,15.21765873015873,27.423809523809524
41,38,1,1,1,1,1,1,11.118849206349207,26.445238095238096
41,39,1,1,1,1,2,9,12.04186507936508,26.617857142857144
41,40,1,1,1,2,2,3,13.360714285714286,27.23690476190476
41,41,2,1,1,4,4,6,18.09345238095238,27.457142857142856
41,42,1,1,1,3,3,4,15.21765873015873,27.423809523809524
41,43,1,1,1,2,2,4,13.27797619047619,27.173809523809524
41,44,1,1,1,1,2,9,12.04186507936508,26.617857142857144
41,45,1,1,6,4,4,3,21.932738095238097,27.604761904761904
41,46,1,1,1,2,2,2,13.03888888888889,27.03214285714286
41,47,1,1,1,1,2,3,12.09186507936508,26.81547619047619
41,48,1,1,1,3,3,1,15.139285714285714,27.31190476190476
41,49,1,1,1,3,2,9,14.206349206349207,27.264285714285716
42,0,1,1,6,4,4,3,21.932738095238097,27.604761904761904
42,1,1,1,1,1,1,1,11.118849206349207,26.445238095238096
42,2,1,1,1,1,1,1,11.118849206349207,26.445238095238096
42,3,1,1,6,4,4,3,21.932738095238097,27.604761904761904
42,4,2,1,1,4,5,6,19.29206349206349,27.516666666666666
42,5,1,1,7,4,3,3,21.893055555555556,27.55595238095238
42,6,1,1,1,1,2,3,12.09186507936508,26.81547619047619
42,7,2,1,1,4,4,6,18.09345238095238,27.457142857142856
42,8,1,1,1,3,3,4,15.21765873015873,27.423809523809524
42,9,1,1,1,2,2,2,13.03888888888889,27.03214285714286
42,10,1,1,1,1,2,3,12.09186507936508,26.81547619047619
42,11,1,1,1,3,4,9,16.286507936507938,27.44404761904762
42,12,1,1,1,2,2,2,13.03888888888889,27.03214285714286
42,13,1,1,1,1,2,1,12.082936507936507,26.626190476190477
42,14,1,1,1,1,2,9,12.04186507936508,26.617857142857144
42,15,2,1,1,4,5,6,19.29206349206349,27.516666666666666
42,16,1,1,1,2,2,3,13.360714285714286,27.23690476190476
42,17,2,1,1,4,4,6,18.09345238095238,27.457142857142856
42,18,1,1,1,3,4,9,16.286507936507938,27.44404761904762
42,19,1,1,1,2,2,6,13.126785714285713,27.142857142857142
42,20,1,1,1,3,2,9,14.206349206349207,27.264285714285716
42,21,1,1,1,3,3,1,15.139285714285714,27.31190476190476
42,22,1,1,1,1,2,9,12.04186507936508,26.617857142857144
42,23,2,1,1,3,2,8,15.072817460317461,27.266666666666666
42,24,1,1,1,3,2,9,14.206349206349207,27.264285714285716
42,25,1,1,1,2,2,4,13.27797619047619,27.173809523809524
42,26,1,1,1,3,3,1,15.139285714285714,27.31190476190476
42,27,1,1,7,4,3,3,21.893055555555556,27.55595238095238
42,28,1,1,1,4,2,2,15.12718253968254,27.276190476190475
42,29,1,1,1,2,2,6,13.126785714285713,27.142857142857142
42,30,1,1,1,2,2,4,13.27797619047619,27.173809523809524
42,31,1,1,1,2,2,3,13.360714285714286,27.23690476190476
42,32,1,1,1,3,3,4,15.21765873015873,27.423809523809524
42,33,1,1,1,4,2,2,15.12718253968254,27.276190476190475
42,34,1,1,1,1,2,1,12.082936507936507,26.626190476190477
42,35,2,1,1,3,2,8,15.072817460317461,27.266666666666666
42,36,1,1,1,1,1,1,11.118849206349207,26.445238095238096
42,37,1,1,1,3,3,1,15.139285714285714,27.31190476190476
42,38,1,1,1,1,2,1,12.082936507936507,26.626190476190477
42,39,1,1,1,1,2,1,12.082936507936507,26.626190476190477
42,40,1,1,1,3,2,9,14.206349206349207,27.264285714285716
42,41,1,1,1,2,2,3,13.360714285714286,27.23690476190476
42,42,1,1,1,1,2,1,12.082936507936507,26.626190476190477
42,43,1,1,1,1,2,9,12.04186507936508,26.617857142857144
42,44,2,1,1,4,4,6,18.09345238095238,27.457142857142856
42,45,1,1,1,3,2,9,14.206349206349207,27.264285714285716
42,46,1,1,1,2,2,3,13.360714285714286,27.23690476190476
42,47,1,1,1,2,2,2,13.03888888888889,27.03214285714286
42,48,1,1,6,4,4,3,21.932738095238097,27.604761904761904
42,49,1,1,1,3,4,9,16.286507936507938,27.44404761904762
43,0,1,1,1,1,1,1,11.118849206349207,26.445238095238096
43,1,1,1,6,4,4,3,21.932738095238097,27.604761904761904
43,2,1,1,1,1,1,1,11.118849206349207,26.445238095238096
43,3,1,1,6,4,4,3,21.932738095238097,27.604761904761904
43,4,2,1,1,4,5,6,19.29206349206349,27.516666666666666
43,5,1,1,7,4,3,3,21.893055555555556,27.55595238095238
43,6,1,1,1,1,2,3,12.09186507936508,26.81547619047619
43,7,2,1,1,4,4,6,18.09345238095238,27.457142857142856
43,8,1,1,1,3,3,4,15.21765873015873,27.423809523809524
43,9,1,1,1,2,2,2,13.03888888888889,27.03214285714286
43,10,1,1,1,1,2,3,12.09186507936508,26.81547619047619
43,11,1,1,1,3,4,9,16.286507936507938,27.44404761904762
43,12,1,1,1,2,2,2,13.03888888888889,27.03214285714286
43,13,1,1,1,1,2,1,12.082936507936507,26.626190476190477
43,14,1,1,1,1,2,9,12.04186507936508,26.617857142857144
43,15,2,1,1,4,5,6,19.29206349206349,27.516666666666666
43,16,1,1,1,2,2,3,13.360714285714286,27.23690476190476
43,17,2,1,1,4,4,6,18.09345238095238,27.457142857142856
43,18,1,1,1,3,4,9,16.286507936507938,27.44404761904762
43,19,1,1,1,2,2,6,13.126785714285713,27.142857142857142
43,20,1,1,1,3,2,9,14.206349206349207,27.264285714285716
43,21,1,1,1,3,3,1,15.139285714285714,27.31190476190476
43,22,1,1,1,1,2,9,12.04186507936508,26.617857142857144
43,23,2,1,1,3,2,8,15.072817460317461,27.266666666666666
43,24,1,1,1,3,2,9,14.206349206349207,27.264285714285716
43,25,1,1,1,2,2,4,13.27797619047619,27.173809523809524
43,26,1,1,1,3,3,1,15.139285714285714,27.31190476190476
43,27,1,1,7,4,3,3,21.893055555555556,27.55595238095238
43,28,1,1,1,4,2,2,15.12718253968254,27.276190476190475
43,29,1,1,1,2,2,6,13.126785714285713,27.142857142857142
43,30,1,1,1,2,2,4,13.27797619047619,27.173809523809524
43,31,1,1,1,2,2,3,13.360714285714286,27.23690476190476
43,32,1,1,1,3,3,4,15.21765873015873,27.423809523809524
43,33,1,1,1,4,2,2,15.12718253968254,27.276190476190475
43,34,1,1,1,1,2,1,12.082936507936507,26.626190476190477
43,35,2,1,1,3,2,8,15.072817460317461,27.266666666666666
43,36,2,1,1,4,4,6,18.09345238095238,27.457142857142856
43,37,1,1,1,2,2,3,13.360714285714286,27.23690476190476
43,38,1,1,1,3,2,9,14.206349206349207,27.264285714285716
43,39,1,1,6,4,4,3,21.932738095238097,27.604761904761904
43,40,2,1,1,4,4,6,18.09345238095238,27.457142857142856
43,41,1,1,1,2,2,3,13.360714285714286,27.23690476190476
43,42,2,1,1,3,2,8,15.072817460317461,27.266666666666666
43,43,1,1,1,2,2,3,13.360714285714286,27.23690476190476
43,44,1,1,1,1,2,1,12.082936507936507,26.626190476190477
43,45,1,1,1,3,4,9,16.286507936507938,27.44404761904762
43,46,1,1,1,1,2,1,12.082936507936507,26.626190476190477
43,47,1,1,1,1,2,3,12.09186507936508,26.81547619047619
43,48,1,1,1,2,2,6,13.126785714285713,27.142857142857142
43,49,1,1,6,4,4,3,21.932738095238097,27.604761904761904
44,0,1,1,1,1,1,1,11.118849206349207,26.445238095238096
44,1,1,1,6,4,4,3,21.932738095238097,27.604761904761904
44,2,1,1,6,4,4,3,21.932738095238097,27.604761904761904
44,3,1,1,1,1,1,1,11.118849206349207,26.445238095238096
44,4,2,1,1,4,5,6,19.29206349206349,27.516666666666666
44,5,1,1,7,4,3,3,21.893055555555556,27.55595238095238
44,6,1,1,1,1,2,3,12.09186507936508,26.81547619047619
44,7,2,1,1,4,4,6,18.09345238095238,27.457142857142856
44,8,1,1,1,3,3,4,15.21765873015873,27.423809523809524
44,9,1,1,1,2,2,2,13.03888888888889,27.03214285714286
44,10,1,1,1,1,2,3,12.09186507936508,26.81547619047619
44,11,1,1,1,3,4,9,16.286507936507938,27.44404761904762
44,12,1,1,1,2,2,2,13.03888888888889,27.03214285714286
44,13,1,1,1,1,2,1,12.082936507936507,26.626190476190477
44,14,1,1,1,1,2,9,12.04186507936508,26.617857142857144
44,15,2,1,1,4,5,6,19.29206349206349,27.516666666666666
44,16,1,1,1,2,2,3,13.360714285714286,27.23690476190476
44,17,2,1,1,4,4,6,18.09345238095238,27.457142857142856
44,18,1,1,1,3,4,9,16.286507936507938,27.44404761904762
44,19,1,1,1,2,2,6,13.126785714285713,27.142857142857142
44,20,1,1,1,3,2,9,14.206349206349207,27.264285714285716
44,21,1,1,1,3,3,1,15.139285714285714,27.31190476190476
44,22,1,1,1,1,2,9,12.04186507936508,26.617857142857144
44,23,2,1,1,3,2,8,15.072817460317461,27.266666666666666
44,24,1,1,1,3,2,9,14.206349206349207,27.264285714285716
44,25,1,1,1,2,2,4,13.27797619047619,27.173809523809524
44,26,1,1,1,3,3,1,15.139285714285714,27.31190476190476
44,27,1,1,7,4,3,3,21.893055555555556,27.55595238095238
44,28,1,1,1,4,2,2,15.12718253968254,27.276190476190475
44,29,1,1,1,2,2,6,13.126785714285713,27.142857142857142
44,30,1,1,1,2,2,4,13.27797619047619,27.173809523809524
44,31,1,1,1,2,2,3,13.360714285714286,27.23690476190476
44,32,1,1,1,3,3,4,15.21765873015873,27.423809523809524
44,33,1,1,1,4,2,2,15.12718253968254,27.276190476190475
44,34,1,1,1,1,2,1,12.082936507936507,26.626190476190477
44,35,2,1,1,3,2,8,15.072817460317461,27.266666666666666
44,36,2,1,1,4,4,6,18.09345238095238,27.457142857142856
44,37,1,1,1,2,2,3,13.360714285714286,27.23690476190476
44,38,1,1,1,2,2,3,13.360714285714286,27.23690476190476
44,39,1,1,1,1,2,1,12.082936507936507,26.626190476190477
44,40,1,1,1,2,2,2,13.03888888888889,27.03214285714286
44,41,1,1,7,4,3,3,21.893055555555556,27.55595238095238
44,42,1,1,1,1,1,1,11.118849206349207,26.445238095238096
44,43,1,1,1,1,2,3,12.09186507936508,26.81547619047619
44,44,2,1,1,4,4,6,18.09345238095238,27.457142857142856
44,45,1,1,1,1,2,1,12.082936507936507,26.626190476190477
44,46,2,1,1,4,4,6,18.09345238095238,27.457142857142856
44,47,1,1,1,4,2,2,15.12718253968254,27.276190476190475
44,48,1,1,6,4,4,3,21.932738095238097,27.604761904761904
44,49,1,1,1,4,2,2,15.12718253968254,27.276190476190475
45,0,1,1,6,4,4,3,21.932738095238097,27.604761904761904
45,1,1,1,1,1,1,1,11.118849206349207,26.445238095238096
45,2,1,1,6,4,4,3,21.932738095238097,27.604761904761904
45,3,1,1,1,1,1,1,11.118849206349207,26.445238095238096
45,4,2,1,1,4,5,6,19.29206349206349,27.516666666666666
45,5,1,1,7,4,3,3,21.893055555555556,27.55595238095238
45,6,1,1,1,1,2,3,12.09186507936508,26.81547619047619
45,7,2,1,1,4,4,6,18.09345238095238,27.457142857142856
45,8,1,1,1,3,3,4,15.21765873015873,27.423809523809524
45,9,1,1,1,2,2,2,13.03888888888889,27.03214285714286
45,10,1,1,1,1,2,3,12.09186507936508,26.81547619047619
45,11,1,1,1,3,4,9,16.286507936507938,27.44404761904762
45,12,1,1,1,2,2,2,13.03888888888889,27.03214285714286
45,13,1,1,1,1,2,1,12.082936507936507,26.626190476190477
45,14,1,1,1,1,2,9,12.04186507936508,26.617857142857144
45,15,2,1,1,4,5,6,19.29206349206349,27.516666666666666
45,16,1,1,1,2,2,3,13.360714285714286,27.23690476190476
45,17,2,1,1,4,4,6,18.09345238095238,27.457142857142856
45,18,1,1,1,3,4,9,16.286507936507938,27.44404761904762
45,19,1,1,1,2,2,6,13.126785714285713,27.142857142857142
45,20,1,1,1,3,2,9,14.206349206349207,27.264285714285716
45,21,1,1,1,3,3,1,15.139285714285714,27.31190476190476
45,22,1,1,1,1,2,9,12.04186507936508,26.617857142857144
45,23,2,1,1,3,2,8,15.072817460317461,27.266666666666666
45,24,1,1,1,3,2,9,14.206349206349207,27.264285714285716
45,25,1,1,1,2,2,4,13.27797619047619,27.173809523809524
45,26,1,1,1,3,3,1,15.139285714285714,27.31190476190476
45,27,1,1,7,4,3,3,21.893055555555556,27.55595238095238
45,28,1,1,1,4,2,2,15.12718253968254,27.276190476190475
45,29,1,1,1,2,2,6,13.126785714285713,27.142857142857142
45,30,1,1,1,2,2,4,13.27797619047619,27.173809523809524
45,31,1,1,1,2,2,3,13.360714285714286,27.23690476190476
45,32,1,1,1,3,3,4,15.21765873015873,27.423809523809524
45,33,1,1,1,4,2,2,15.12718253968254,27.276190476190475
45,34,1,1,1,1,2,1,12.082936507936507,26.626190476190477
45,35,2,1,1,3,2,8,15.072817460317461,27.266666666666666
45,36,2,1,1,4,5,6,19.29206349206349,27.516666666666666
45,37,1,1,1,3,3,4,15.21765873015873,27.423809523809524
45,38,1,1,1,1,2,9,12.04186507936508,26.617857142857144
45,39,2,1,1,4,4,6,18.09345238095238,27.457142857142856
45,40,1,1,1,3,4,9,16.286507936507938,27.44404761904762
45,41,2,1,1,4,5,6,19.29206349206349,27.516666666666666
45,42,1,1,1,2,2,3,13.360714285714286,27.23690476190476
45,43,1,1,1,4,2,2,15.12718253968254,27.276190476190475
45,44,1,1,1,4,2,2,15.12718253968254,27.276190476190475
45,45,1,1,1,2,2,3,13.360714285714286,27.23690476190476
45,46,1,1,1,1,2,1,12.082936507936507,26.626190476190477
45,47,1,1,1,2,2,3,13.360714285714286,27.23690476190476
45,48,1,1,1,1,2,3,12.09186507936508,26.81547619047619
45,49,1,1,1,1,2,1,12.082936507936507,26.626190476190477
46,0,1,1,1,1,1,1,11.118849206349207,26.445238095238096
46,1,1,1,6,4,4,3,21.932738095238097,27.604761904761904
46,2,1,1,1,1,1,1,11.118849206349207,26.445238095238096
46,3,1,1,6,4,4,3,21.932738095238097,27.604761904761904
46,4,2,1,1,4,5,6,19.29206349206349,27.516666666666666
46,5,1,1,7,4,3,3,21.893055555555556,27.55595238095238
46,6,1,1,1,1,2,3,12.09186507936508,26.81547619047619
46,7,2,1,1,4,4,6,18.09345238095238,27.457142857142856
46,8,1,1,1,3,3,4,15.21765873015873,27.423809523809524
46,9,1,1,1,2,2,2,13.03888888888889,27.03214285714286
46,10,1,1,1,1,2,3,12.09186507936508,26.81547619047619
46,11,1,1,1,3,4,9,16.286507936507938,27.44404761904762
46,12,1,1,1,2,2,2,13.03888888888889,27.03214285714286
46,13,1,1,1,1,2,1,12.082936507936507,26.626190476190477
46,14,1,1,1,1,2,9,12.04186507936508,26.617857142857144
46,15,2,1,1,4,5,6,19.29206349206349,27.516666666666666
46,16,1,1,1,2,2,3,13.360714285714286,27.23690476190476
46,17,2,1,1,4,4,6,18.09345238095238,27.457142857142856
46,18,1,1,1,3,4,9,16.286507936507938,27.44404761904762
46,19,1,1,1,2,2,6,13.126785714285713,27.142857142857142
46,20,1,1,1,3,2,9,14.206349206349207,27.264285714285716
46,21,1,1,1,3,3,1,15.139285714285714,27.31190476190476
46,22,1,1,1,1,2,9,12.04186507936508,26.617857142857144
46,23,2,1,1,3,2,8,15.072817460317461,27.266666666666666
46,24,1,1,1,3,2,9,14.206349206349207,27.264285714285716
46,25,1,1,1,2,2,4,13.27797619047619,27.173809523809524
46,26,1,1,1,3,3,1,15.139285714285714,27.31190476190476
46,27,1,1,7,4,3,3,21.893055555555556,27.55595238095238
46,28,1,1,1,4,2,2,15.12718253968254,27.276190476190475
46,29,1,1,1,2,2,6,13.126785714285713,27.142857142857142
46,30,1,1,1,2,2,4,13.27797619047619,27.173809523809524
46,31,1,1,1,2,2,3,13.360714285714286,27.23690476190476
46,32,1,1,1,3,3,4,15.21765873015873,27.423809523809524
46,33,1,1,1,4,2,2,15.12718253968254,27.276190476190475
46,34,1,1,1,1,2,1,12.082936507936507,26.626190476190477
46,35,2,1,1,3,2,8,15.072817460317461,27.266666666666666
46,36,1,1,7,4,3,3,21.893055555555556,27.55595238095238
46,37,1,1,1,1,2,3,12.09186507936508,26.81547619047619
46,38,1,1,1,1,2,1,12.082936507936507,26.626190476190477
46,39,1,1,1,1,2,9,12.04186507936508,26.617857142857144
46,40,1,1,1,3,4,9,16.286507936507938,27.44404761904762
46,41,1,1,1,2,2,3,13.360714285714286,27.23690476190476
46,42,1,1,1,1,2,3,12.09186507936508,26.81547619047619
46,43,1,1,6,4,4,3,21.932738095238097,27.604761904761904
46,44,1,1,1,2,2,3,13.360714285714286,27.23690476190476
46,45,1,1,1,2,2,3,13.360714285714286,27.23690476190476
46,46,1,1,1,2,2,4,13.27797619047619,27.173809523809524
46,47,2,1,1,4,5,6,19.29206349206349,27.516666666666666
46,48,1,1,1,1,2,9,12.04186507936508,26.617857142857144
46,49,1,1,1,1,2,3,12.09186507936508,26.81547619047619
47,0,1,1,1,1,1,1,11.118849206349207,26.445238095238096
47,1,1,1,6,4,4,3,21.932738095238097,27.604761904761904
47,2,1,1,1,1,1,1,11.118849206349207,26.445238095238096
47,3,1,1,6,4,4,3,21.932738095238097,27.604761904761904
47,4,2,1,1,4,5,6,19.29206349206349,27.516666666666666
47,5,1,1,7,4,3,3,21.893055555555556,27.55595238095238
47,6,1,1,1,1,2,3,12.09186507936508,26.81547619047619
47,7,2,1,1,4,4,6,18.09345238095238,27.457142857142856
47,8,1,1,1,3,3,4,15.21765873015873,27.423809523809524
47,9,1,1,1,2,2,2,13.03888888888889,27.03214285714286
47,10,1,1,1,1,2,3,12.09186507936508,26.81547619047619
47,11,1,1,1,3,4,9,16.286507936507938,27.44404761904762
47,12,1,1,1,2,2,2,13.03888888888889,27.03214285714286
47,13,1,1,1,1,2,1,12.082936507936507,26.626190476190477
47,14,1,1,1,1,2,9,12.04186507936508,26.617857142857144
47,15,2,1,1,4,5,6,19.29206349206349,27.516666666666666
47,16,1,1,1,2,2,3,13.360714285714286,27.23690476190476
47,17,2,1,1,4,4,6,18.09345238095238,27.457142857142856
47,18,1,1,1,3,4,9,16.286507936507938,27.44404761904762
47,19,1,1,1,2,2,6,13.126785714285713,27.142857142857142
47,20,1,1,1,3,2,9,14.206349206349207,27.264285714285716
47,21,1,1,1,3,3,1,15.139285714285714,27.31190476190476
47,22,1,1,1,1,2,9,12.04186507936508,26.617857142857144
47,23,2,1,1,3,2,8,15.072817460317461,27.266666666666666
47,24,1,1,1,3,2,9,14.206349206349207,27.264285714285716
47,25,1,1,1,2,2,4,13.27797619047619,27.173809523809524
47,26,1,1,1,3,3,1,15.139285714285714,27.31190476190476
47,27,1,1,7,4,3,3,21.893055555555556,27.55595238095238
47,28,1,1,1,4,2,2,15.12718253968254,27.276190476190475
47,29,1,1,1,2,2,6,13.126785714285713,27.142857142857142
47,30,1,1,1,2,2,4,13.27797619047619,27.173809523809524
47,31,1,1,1,2,2,3,13.360714285714286,27.23690476190476
47,32,1,1,1,3,3,4,15.21765873015873,27.423809523809524
47,33,1,1,1,4,2,2,15.12718253968254,27.276190476190475
47,34,1,1,1,1,2,1,12.082936507936507,26.626190476190477
47,35,2,1,1,3,2,8,15.072817460317461,27.266666666666666
47,36,1,1,1,1,2,9,12.04186507936508,26.617857142857144
47,37,1,1,1,3,2,9,14.206349206349207,27.264285714285716
47,38,1,1,1,3,2,9,14.206349206349207,27.264285714285716
47,39,1,1,6,4,4,3,21.932738095238097,27.604761904761904
47,40,1,1,1,2,2,3,13.360714285714286,27.23690476190476
47,41,1,1,1,2,2,3,13.360714285714286,27.23690476190476
47,42,1,1,6,4,4,3,21.932738095238097,27.604761904761904
47,43,1,1,1,2,2,6,13.126785714285713,27.142857142857142
47,44,1,1,1,2,2,2,13.03888888888889,27.03214285714286
47,45,2,1,1,3,2,8,15.072817460317461,27.266666666666666
47,46,1,1,1,1,1,1,11.118849206349207,26.445238095238096
47,47,1,1,1,3,2,9,14.206349206349207,27.264285714285716
47,48,1,1,1,2,2,4,13.27797619047619,27.173809523809524
47,49,1,1,1,1,2,1,12.082936507936507,26.626190476190477
48,0,1,1,1,1,1,1,11.118849206349207,26.445238095238096
48,1,1,1,1,1,1,1,11.118849206349207,26.445238095238096
48,2,1,1,6,4,4,3,21.932738095238097,27.604761904761904
48,3,1,1,6,4,4,3,21.932738095238097,27.604761904761904
48,4,2,1,1,4,5,6,19.29206349206349,27.516666666666666
48,5,1,1,7,4,3,3,21.893055555555556,27.55595238095238
48,6,1,1,1,1,2,3,12.09186507936508,26.81547619047619
48,7,2,1,1,4,4,6,18.09345238095238,27.457142857142856
48,8,1,1,1,3,3,4,15.21765873015873,27.423809523809524
48,9,1,1,1,2,2,2,13.03888888888889,27.03214285714286
48,10,1,1,1,1,2,3,12.09186507936508,26.81547619047619
48,11,1,1,1,3,4,9,16.286507936507938,27.44404761904762
48,12,1,1,1,2,2,2,13.03888888888889,27.03214285714286
48,13,1,1,1,1,2,1,12.082936507936507,26.626190476190477
48,14,1,1,1,1,2,9,12.04186507936508,26.617857142857144
48,15,2,1,1,4,5,6,19.29206349206349,27.516666666666666
48,16,1,1,1,2,2,3,13.360714285714286,27.23690476190476
48,17,2,1,1,4,4,6,18.09345238095238,27.457142857142856
48,18,1,1,1,3,4,9,16.286507936507938,27.44404761904762
48,19,1,1,1,2,2,6,13.126785714285713,27.142857142857142
48,20,1,1,1,3,2,9,14.206349206349207,27.264285714285716
48,21,1,1,1,3,3,1,15.139285714285714,27.31190476190476
48,22,1,1,1,1,2,9,12.04186507936508,26.617857142857144
48,23,2,1,1,3,2,8,15.072817460317461,27.266666666666666
48,24,1,1,1,3,2,9,14.206349206349207,27.264285714285716
48,25,1,1,1,2,2,4,13.27797619047619,27.173809523809524
48,26,1,1,1,3,3,1,15.139285714285714,27.31190476190476
48,27,1,1,7,4,3,3,21.893055555555556,27.55595238095238
48,28,1,1,1,4,2,2,15.12718253968254,27.276190476190475
48,29,1,1,1,2,2,6,13.126785714285713,27.142857142857142
48,30,1,1,1,2,2,4,13.27797619047619,27.173809523809524
48,31,1,1,1,2,2,3,13.360714285714286,27.23690476190476
48,32,1,1,1,3,3,4,15.21765873015873,27.423809523809524
48,33,1,1,1,4,2,2,15.12718253968254,27.276190476190475
48,34,1,1,1,1,2,1,12.082936507936507,26.626190476190477
48,35,2,1,1,3,2,8,15.072817460317461,27.266666666666666
48,36,2,1,1,4,4,6,18.09345238095238,27.457142857142856
48,37,1,1,1,1,1,1,11.118849206349207,26.445238095238096
48,38,1,1,1,1,2,9,12.04186507936508,26.617857142857144
48,39,1,1,1,3,2,9,14.206349206349207,27.264285714285716
48,40,1,1,1,3,2,9,14.206349206349207,27.264285714285716
48,41,1,1,1,2,2,6,13.126785714285713,27.142857142857142
48,42,1,1,6,4,4,3,21.932738095238097,27.604761904761904
48,43,1,1,1,2,2,2,13.03888888888889,27.03214285714286
48,44,1,1,1,3,2,9,14.206349206349207,27.264285714285716
48,45,1,1,1,3,3,1,15.139285714285714,27.31190476190476
48,46,2,1,1,4,5,6,19.29206349206349,27.516666666666666
48,47,1,1,1,2,2,6,13.126785714285713,27.142857142857142
48,48,1,1,1,3,2,9,14.206349206349207,27.264285714285716
48,49,1,1,1,1,2,9,12.04186507936508,26.617857142857144
49,0,1,1,6,4,4,3,21.932738095238097,27.604761904761904
49,1,1,1,1,1,1,1,11.118849206349207,26.445238095238096
49,2,1,1,1,1,1,1,11.118849206349207,26.445238095238096
49,3,1,1,6,4,4,3,21.932738095238097,27.604761904761904
49,4,2,1,1,4,5,6,19.29206349206349,27.516666666666666
49,5,1,1,7,4,3,3,21.893055555555556,27.55595238095238
49,6,1,1,1,1,2,3,12.09186507936508,26.81547619047619
49,7,2,1,1,4,4,6,18.09345238095238,27.457142857142856
49,8,1,1,1,3,3,4,15.21765873015873,27.423809523809524
49,9,1,1,1,2,2,2,13.03888888888889,27.03214285714286
49,10,1,1,1,1,2,3,12.09186507936508,26.81547619047619
49,11,1,1,1,3,4,9,16.286507936507938,27.44404761904762
49,12,1,1,1,2,2,2,13.03888888888889,27.03214285714286
49,13,1,1,1,1,2,1,12.082936507936507,26.626190476190477
49,14,1,1,1,1,2,9,12.04186507936508,26.617857142857144
49,15,2,1,1,4,5,6,19.29206349206349,27.516666666666666
49,16,1,1,1,2,2,3,13.360714285714286,27.23690476190476
49,17,2,1,1,4,4,6,18.09345238095238,27.457142857142856
49,18,1,1,1,3,4,9,16.286507936507938,27.44404761904762
49,19,1,1,1,2,2,6,13.126785714285713,27.142857142857142
49,20,1,1,1,3,2,9,14.206349206349207,27.264285714285716
49,21,1,1,1,3,3,1,15.139285714285714,27.31190476190476
49,22,1,1,1,1,2,9,12.04186507936508,26.617857142857144
49,23,2,1,1,3,2,8,15.072817460317461,27.266666666666666
49,24,1,1,1,3,2,9,14.206349206349207,27.264285714285716
49,25,1,1,1,2,2,4,13.27797619047619,27.173809523809524
49,26,1,1,1,3,3,1,15.139285714285714,27.31190476190476
49,27,1,1,7,4,3,3,21.893055555555556,27.55595238095238
49,28,1,1,1,4,2,2,15.12718253968254,27.276190476190475
49,29,1,1,1,2,2,6,13.126785714285713,27.142857142857142
49,30,1,1,1,2,2,4,13.27797619047619,27.173809523809524
49,31,1,1,1,2,2,3,13.360714285714286,27.23690476190476
49,32,1,1,1,3,3,4,15.21765873015873,27.423809523809524
49,33,1,1,1,4,2,2,15.12718253968254,27.276190476190475
49,34,1,1,1,1,2,1,12.082936507936507,26.626190476190477
49,35,2,1,1,3,2,8,15.072817460317461,27.266666666666666
49,36,1,1,6,4,4,3,21.932738095238097,27.604761904761904
49,37,1,1,1,2,2,6,13.126785714285713,27.142857142857142
49,38,1,1,1,1,2,9,12.04186507936508,26.617857142857144
49,39,1,1,1,3,4,9,16.286507936507938,27.44404761904762
49,40,2,1,1,3,2,8,15.072817460317461,27.266666666666666
49,41,1,1,1,1,2,3,12.09186507936508,26.81547619047619
49,42,1,1,1,3,2,9,14.206349206349207,27.264285714285716
49,43,1,1,1,3,3,1,15.139285714285714,27.31190476190476
49,44,1,1,1,1,2,9,12.04186507936508,26.617857142857144
49,45,1,1,1,3,3,4,15.21765873015873,27.423809523809524
49,46,1,1,1,3,2,9,14.206349206349207,27.264285714285716
49,47,2,1,1,4,4,6,18.09345238095238,27.457142857142856
49,48,1,1,1,1,2,9,12.04186507936508,26.617857142857144
49,49,2,1,1,4,4,6,18.09345238095238,27.457142857142856
